testfile.txt
ncols 257
nrows 257
xllcorner 0
yllcorner 0
cellsize 10
[rows 102 to 135 of 257, columns 0 to 76 of 257]
20.00 20.00 20.00 20.00 20.00 20.00 20.00 20.00 20.00 20.00 20.00 20.00 20.00 20.00 20.00 20.00 20.05 20.23 20.68 21.48 22.55 23.75 25.00 26.25 27.50 28.75 30.00 31.25 32.50 33.75 35.00 36.25 37.50 38.76 40.03 41.32 42.63 43.94 45.25 46.56 47.88 49.19 50.50 51.81 53.12 54.44 55.75 57.04 58.26 59.39 60.49 61.70 63.04 64.41 65.71 66.94 68.15 69.43 70.79 72.20 73.56 74.83 76.04 77.21 78.44 79.91 81.86 84.27 86.92 89.57 92.17 94.71 97.14 99.30 101.03 102.20 102.75
20.00 20.00 20.00 20.00 20.00 20.00 20.00 20.00 20.00 20.00 20.00 20.00 20.00 20.00 20.00 20.00 20.05 20.22 20.67 21.47 22.54 23.75 25.00 26.25 27.50 28.75 30.00 31.25 32.50 33.75 35.00 36.25 37.50 38.76 40.03 41.32 42.63 43.94 45.25 46.56 47.88 49.19 50.50 51.81 53.12 54.44 55.75 57.04 58.26 59.39 60.49 61.70 63.04 64.41 65.71 66.94 68.15 69.40 70.72 72.07 73.39 74.64 75.84 77.02 78.23 79.66 81.50 83.79 86.31 88.88 91.42 93.88 96.15 98.12 99.65 100.60 100.86
20.00 20.00 20.00 20.00 20.00 20.00 20.00 20.00 20.00 20.00 20.00 20.00 20.00 20.00 20.00 20.00 20.04 20.21 20.64 21.43 22.51 23.74 24.99 26.25 27.50 28.75 30.00 31.25 32.50 33.75 35.00 36.25 37.50 38.76 40.03 41.32 42.63 43.94 45.25 46.56 47.88 49.19 50.50 51.81 53.12 54.44 55.75 57.04 58.26 59.39 60.49 61.70 63.04 64.41 65.71 66.94 68.15 69.40 70.72 72.07 73.39 74.64 75.84 77.01 78.20 79.56 81.28 83.43 85.84 88.33 90.77 93.02 94.94 96.48 97.58 98.13 97.97
20.00 20.00 20.00 20.00 20.00 20.00 20.00 20.00 20.00 20.00 20.00 20.00 20.00 20.00 20.00 20.00 20.03 20.18 20.58 21.36 22.45 23.71 24.99 26.25 27.50 28.75 30.00 31.25 32.50 33.75 35.00 36.25 37.50 38.76 40.03 41.32 42.63 43.94 45.25 46.56 47.88 49.19 50.50 51.81 53.12 54.44 55.75 57.04 58.26 59.39 60.49 61.70 63.04 64.41 65.71 66.94 68.15 69.43 70.79 72.19 73.55 74.83 76.03 77.19 78.37 79.68 81.34 83.40 85.73 88.11 90.34 92.19 93.54 94.39 94.80 94.76 94.10
20.00 20.00 20.00 20.00 20.00 20.00 20.00 20.00 20.00 20.00 20.00 20.00 20.00 20.00 20.00 20.00 20.02 20.14 20.51 21.26 22.37 23.67 24.98 26.25 27.50 28.75 30.00 31.25 32.50 33.75 35.00 36.25 37.50 38.76 40.03 41.32 42.63 43.94 45.25 46.56 47.88 49.19 50.50 51.81 53.12 54.44 55.75 57.04 58.26 59.39 60.49 61.70 63.04 64.41 65.71 66.94 68.16 69.45 70.85 72.30 73.71 75.01 76.23 77.42 78.62 79.99 81.69 83.73 85.97 88.13 89.96 91.25 91.88 91.93 91.57 90.87 89.74
20.00 20.00 20.00 20.00 20.00 20.00 20.00 20.00 20.00 20.00 20.00 20.00 20.00 20.00 20.00 20.00 20.02 20.11 20.45 21.19 22.31 23.64 24.97 26.25 27.50 28.75 30.00 31.25 32.50 33.75 35.00 36.25 37.50 38.76 40.03 41.32 42.63 43.94 45.25 46.56 47.88 49.19 50.50 51.81 53.12 54.44 55.75 57.04 58.26 59.39 60.49 61.69 63.03 64.41 65.71 66.93 68.15 69.44 70.84 72.30 73.72 75.05 76.30 77.54 78.83 80.32 82.11 84.15 86.21 88.01 89.30 89.93 89.87 89.24 88.24 86.99 85.48
20.00 20.00 20.00 20.00 20.00 20.00 20.00 20.00 20.00 20.00 20.00 20.00 20.00 20.00 20.00 20.00 20.01 20.10 20.42 21.15 22.29 23.62 24.96 26.25 27.50 28.75 30.00 31.25 32.50 33.75 35.00 36.25 37.50 38.76 40.03 41.32 42.63 43.94 45.25 46.56 47.87 49.19 50.50 51.81 53.12 54.43 55.74 57.03 58.26 59.38 60.48 61.67 63.00 64.37 65.67 66.91 68.13 69.41 70.77 72.19 73.60 74.94 76.24 77.55 78.93 80.51 82.33 84.27 86.04 87.35 88.04 88.07 87.48 86.41 85.01 83.42 81.69
20.00 20.00 20.00 20.00 20.00 20.00 20.00 20.00 20.00 20.00 20.00 20.00 20.00 20.00 20.00 20.00 20.01 20.09 20.41 21.14 22.28 23.62 24.96 26.25 27.50 28.75 30.00 31.25 32.50 33.75 35.00 36.25 37.50 38.76 40.03 41.32 42.63 43.94 45.25 46.56 47.87 49.18 50.48 51.79 53.09 54.40 55.71 56.99 58.22 59.34 60.42 61.58 62.87 64.23 65.54 66.81 68.05 69.33 70.66 72.05 73.43 74.79 76.13 77.47 78.89 80.46 82.16 83.85 85.22 86.03 86.19 85.75 84.81 83.51 81.97 80.30 78.54
20.00 20.00 20.00 20.00 20.00 20.00 20.00 20.00 20.00 20.00 20.00 20.00 20.00 20.00 20.00 20.00 20.01 20.09 20.41 21.14 22.28 23.62 24.96 26.25 27.50 28.75 30.00 31.25 32.50 33.75 35.00 36.25 37.50 38.76 40.03 41.32 42.63 43.94 45.25 46.56 47.86 49.14 50.42 51.70 52.99 54.28 55.57 56.85 58.08 59.21 60.27 61.37 62.61 63.94 65.28 66.58 67.87 69.17 70.50 71.86 73.22 74.58 75.93 77.28 78.67 80.12 81.58 82.89 83.82 84.21 84.00 83.25 82.10 80.69 79.15 77.56 75.94
20.00 20.00 20.00 20.00 20.00 20.00 20.00 20.00 20.00 20.00 20.00 20.00 20.00 20.00 20.00 20.00 20.01 20.09 20.41 21.14 22.28 23.62 24.96 26.25 27.50 28.75 30.00 31.25 32.50 33.75 35.00 36.25 37.50 38.76 40.03 41.32 42.63 43.94 45.25 46.55 47.83 49.08 50.29 51.52 52.77 54.03 55.30 56.58 57.82 58.96 60.01 61.06 62.24 63.55 64.90 66.24 67.56 68.88 70.22 71.55 72.89 74.22 75.56 76.90 78.23 79.50 80.62 81.50 82.04 82.13 81.74 80.86 79.59 78.11 76.60 75.16 73.72
20.00 20.00 20.00 20.00 20.00 20.00 20.00 20.00 20.00 20.00 20.00 20.00 20.00 20.00 20.00 20.00 20.01 20.09 20.41 21.13 22.27 23.61 24.96 26.24 27.50 28.75 30.00 31.25 32.50 33.75 35.00 36.25 37.50 38.76 40.03 41.32 42.63 43.94 45.25 46.55 47.80 48.99 50.12 51.27 52.46 53.70 54.95 56.22 57.48 58.65 59.72 60.75 61.88 63.16 64.50 65.83 67.15 68.48 69.81 71.14 72.45 73.75 75.05 76.35 77.59 78.64 79.42 79.91 80.11 80.01 79.55 78.65 77.35 75.85 74.41 73.09 71.77
20.00 20.00 20.00 20.00 20.00 20.00 20.00 20.00 20.00 20.00 20.00 20.00 20.00 20.00 20.00 20.00 20.01 20.09 20.40 21.11 22.24 23.57 24.92 26.21 27.47 28.72 29.97 31.22 32.48 33.74 35.00 36.25 37.50 38.76 40.03 41.32 42.63 43.94 45.25 46.54 47.78 48.91 49.97 51.04 52.18 53.40 54.65 55.92 57.18 58.38 59.46 60.50 61.59 62.81 64.10 65.41 66.71 68.03 69.37 70.70 71.99 73.24 74.48 75.71 76.84 77.69 78.18 78.36 78.31 78.05 77.52 76.62 75.38 73.99 72.66 71.40 70.07
20.00 20.00 20.00 20.00 20.00 20.00 20.00 20.00 20.00 20.00 20.00 20.00 20.00 20.00 20.00 20.00 20.01 20.08 20.36 21.03 22.11 23.43 24.78 26.09 27.36 28.61 29.86 31.14 32.43 33.72 34.99 36.25 37.50 38.76 40.03 41.32 42.63 43.94 45.25 46.54 47.76 48.87 49.88 50.90 52.00 53.21 54.45 55.70 56.94 58.13 59.24 60.26 61.31 62.47 63.70 64.98 66.26 67.57 68.90 70.22 71.48 72.69 73.87 75.02 76.03 76.72 77.02 77.01 76.78 76.37 75.75 74.86 73.73 72.51 71.30 70.04 68.59
20.00 20.00 20.00 20.00 20.00 20.00 20.00 20.00 20.00 20.00 20.00 20.00 20.00 20.00 20.00 20.00 20.01 20.06 20.29 20.87 21.86 23.13 24.50 25.83 27.12 28.37 29.64 30.97 32.34 33.68 34.98 36.25 37.50 38.76 40.03 41.32 42.63 43.94 45.25 46.54 47.76 48.85 49.84 50.83 51.91 53.09 54.29 55.49 56.67 57.83 58.93 59.97 60.99 62.09 63.28 64.53 65.79 67.07 68.37 69.65 70.88 72.05 73.19 74.27 75.17 75.74 75.94 75.82 75.48 74.95 74.26 73.40 72.39 71.30 70.13 68.77 67.19
20.00 20.00 20.00 20.00 20.00 20.00 20.00 20.00 20.00 20.00 20.00 20.00 20.00 20.00 20.00 20.00 20.00 20.04 20.21 20.66 21.53 22.73 24.10 25.46 26.77 28.04 29.35 30.75 32.21 33.63 34.97 36.25 37.50 38.76 40.03 41.32 42.63 43.94 45.24 46.53 47.75 48.84 49.81 50.75 51.79 52.93 54.08 55.20 56.30 57.42 58.52 59.57 60.59 61.65 62.81 64.03 65.25 66.49 67.76 69.01 70.21 71.35 72.44 73.45 74.25 74.74 74.86 74.68 74.27 73.71 73.03 72.22 71.26 70.15 68.87 67.39 65.72
20.00 20.00 20.00 20.00 20.00 20.00 20.00 20.00 20.00 20.00 20.00 20.00 20.00 20.00 20.00 20.00 20.00 20.02 20.13 20.47 21.20 22.31 23.65 25.04 26.39 27.71 29.09 30.57 32.11 33.60 34.96 36.25 37.50 38.76 40.03 41.32 42.62 43.93 45.22 46.50 47.71 48.79 49.73 50.62 51.59 52.67 53.79 54.86 55.90 56.95 58.03 59.10 60.13 61.16 62.27 63.43 64.62 65.84 67.10 68.36 69.53 70.62 71.64 72.56 73.28 73.69 73.76 73.55 73.13 72.59 71.96 71.18 70.18 68.92 67.45 65.84 64.15
20.00 20.00 20.00 20.00 20.00 20.00 20.00 20.00 20.00 20.00 20.00 20.00 20.00 20.00 20.00 20.00 20.00 20.01 20.07 20.32 20.91 21.92 23.21 24.61 26.03 27.45 28.92 30.47 32.06 33.58 34.96 36.25 37.50 38.76 40.03 41.32 42.61 43.89 45.15 46.40 47.59 48.67 49.59 50.43 51.33 52.36 53.46 54.52 55.53 56.53 57.57 58.63 59.65 60.66 61.69 62.79 63.94 65.16 66.44 67.69 68.83 69.85 70.79 71.61 72.24 72.59 72.64 72.43 72.01 71.49 70.90 70.13 69.03 67.60 65.99 64.31 62.58
20.00 20.00 20.00 20.00 20.00 20.00 20.00 20.00 20.00 20.00 20.00 20.00 20.00 20.00 20.00 20.00 20.00 20.00 20.04 20.21 20.68 21.56 22.80 24.23 25.74 27.26 28.82 30.43 32.04 33.57 34.96 36.25 37.50 38.76 40.03 41.31 42.58 43.82 45.01 46.19 47.35 48.43 49.37 50.21 51.08 52.08 53.18 54.25 55.24 56.20 57.19 58.21 59.20 60.16 61.13 62.16 63.28 64.51 65.78 67.00 68.08 69.05 69.91 70.64 71.18 71.46 71.49 71.26 70.84 70.32 69.73 68.94 67.79 66.30 64.65 62.94 61.10
20.00 20.00 20.00 20.00 20.00 20.00 20.00 20.00 20.00 20.00 20.00 20.00 20.00 20.00 20.00 20.00 20.00 20.00 20.02 20.14 20.52 21.31 22.51 23.97 25.54 27.15 28.78 30.42 32.04 33.57 34.96 36.25 37.50 38.76 40.03 41.31 42.55 43.73 44.83 45.93 47.05 48.15 49.13 50.00 50.87 51.85 52.93 54.00 54.99 55.93 56.87 57.83 58.78 59.70 60.62 61.59 62.68 63.87 65.10 66.27 67.32 68.26 69.07 69.70 70.12 70.32 70.29 70.03 69.57 69.02 68.40 67.61 66.48 65.06 63.47 61.74 59.72
20.00 20.00 20.00 20.00 20.00 20.00 20.00 20.00 20.00 20.00 20.00 20.00 20.00 20.00 20.00 20.00 20.00 20.00 20.01 20.10 20.44 21.18 22.36 23.84 25.45 27.10 28.76 30.41 32.04 33.57 34.96 36.25 37.50 38.76 40.03 41.30 42.53 43.65 44.69 45.71 46.80 47.91 48.92 49.81 50.66 51.60 52.65 53.71 54.70 55.63 56.55 57.46 58.36 59.25 60.14 61.07 62.10 63.24 64.41 65.53 66.56 67.49 68.26 68.79 69.08 69.18 69.08 68.77 68.29 67.70 67.05 66.24 65.17 63.86 62.37 60.59 58.39
20.00 20.00 20.00 20.00 20.00 20.00 20.00 20.00 20.00 20.00 20.00 20.00 20.00 20.00 20.00 20.00 20.00 20.00 20.01 20.09 20.41 21.15 22.32 23.80 25.42 27.08 28.75 30.40 32.03 33.56 34.95 36.24 37.50 38.76 40.03 41.29 42.51 43.61 44.61 45.59 46.64 47.73 48.74 49.62 50.44 51.31 52.31 53.35 54.34 55.27 56.16 57.04 57.92 58.79 59.67 60.57 61.54 62.60 63.71 64.80 65.81 66.70 67.39 67.82 68.01 68.04 67.90 67.59 67.09 66.48 65.78 64.95 63.91 62.69 61.22 59.36 57.03
20.00 20.00 20.00 20.00 20.00 20.00 20.00 20.00 20.00 20.00 20.00 20.00 20.00 20.00 20.00 20.00 20.00 20.00 20.01 20.09 20.41 21.14 22.31 23.79 25.40 27.05 28.71 30.36 31.99 33.52 34.91 36.20 37.46 38.72 39.99 41.25 42.47 43.57 44.55 45.51 46.52 47.55 48.52 49.39 50.19 51.03 51.96 52.96 53.94 54.86 55.75 56.61 57.46 58.31 59.18 60.06 60.99 61.99 63.04 64.06 65.00 65.80 66.40 66.75 66.89 66.89 66.76 66.47 66.00 65.37 64.64 63.77 62.74 61.50 59.94 57.94 55.57
20.00 20.00 20.00 20.00 20.00 20.00 20.00 20.00 20.00 20.00 20.00 20.00 20.00 20.00 20.00 20.00 20.00 20.00 20.01 20.09 20.40 21.12 22.27 23.73 25.31 26.93 28.56 30.19 31.80 33.34 34.75 36.05 37.32 38.58 39.84 41.11 42.33 43.44 44.43 45.37 46.33 47.29 48.22 49.09 49.91 50.74 51.63 52.58 53.52 54.44 55.33 56.18 57.00 57.82 58.65 59.51 60.42 61.37 62.35 63.30 64.13 64.80 65.30 65.60 65.72 65.72 65.62 65.37 64.92 64.30 63.54 62.64 61.54 60.18 58.44 56.34 54.01
20.00 20.00 20.00 20.00 20.00 20.00 20.00 20.00 20.00 20.00 20.00 20.00 20.00 20.00 20.00 20.00 20.00 20.00 20.01 20.08 20.36 21.04 22.14 23.54 25.08 26.65 28.22 29.80 31.41 32.96 34.40 35.73 37.01 38.27 39.53 40.80 42.03 43.16 44.18 45.12 46.04 46.95 47.85 48.72 49.56 50.40 51.27 52.16 53.07 54.01 54.93 55.79 56.58 57.34 58.12 58.96 59.85 60.75 61.64 62.47 63.18 63.76 64.18 64.44 64.55 64.56 64.48 64.25 63.82 63.20 62.40 61.42 60.18 58.64 56.78 54.69 52.50
20.00 20.00 20.00 20.00 20.00 20.00 20.00 20.00 20.00 20.00 20.00 20.00 20.00 20.00 20.00 20.00 20.00 20.00 20.01 20.06 20.29 20.87 21.88 23.20 24.67 26.18 27.69 29.23 30.80 32.37 33.86 35.24 36.55 37.82 39.07 40.32 41.56 42.73 43.79 44.76 45.66 46.55 47.43 48.30 49.15 49.99 50.82 51.66 52.56 53.51 54.47 55.37 56.16 56.88 57.62 58.43 59.29 60.12 60.89 61.59 62.20 62.70 63.09 63.33 63.44 63.46 63.39 63.16 62.70 62.03 61.17 60.07 58.68 57.01 55.14 53.17 51.14
20.00 20.00 20.00 20.00 20.00 20.00 20.00 20.00 20.00 20.00 20.00 20.00 20.00 20.00 20.00 20.00 20.00 20.00 20.00 20.04 20.21 20.66 21.53 22.76 24.18 25.63 27.09 28.57 30.11 31.68 33.22 34.66 36.01 37.30 38.54 39.78 41.01 42.21 43.32 44.32 45.24 46.12 46.99 47.85 48.69 49.51 50.30 51.11 51.98 52.91 53.90 54.84 55.67 56.40 57.12 57.90 58.72 59.47 60.13 60.72 61.24 61.70 62.06 62.29 62.41 62.45 62.40 62.14 61.59 60.81 59.85 58.67 57.18 55.45 53.63 51.79 49.90
20.00 20.00 20.00 20.00 20.00 20.00 20.00 20.00 20.00 20.00 20.00 20.00 20.00 20.00 20.00 20.00 20.00 20.00 20.00 20.02 20.13 20.47 21.20 22.32 23.68 25.11 26.53 27.98 29.47 31.03 32.60 34.10 35.49 36.79 38.03 39.26 40.49 41.70 42.83 43.86 44.79 45.68 46.54 47.38 48.20 49.00 49.79 50.58 51.41 52.30 53.27 54.23 55.11 55.88 56.60 57.36 58.11 58.80 59.40 59.95 60.45 60.85 61.13 61.31 61.43 61.51 61.50 61.21 60.53 59.57 58.51 57.29 55.81 54.08 52.28 50.48 48.64
20.00 20.00 20.00 20.00 20.00 20.00 20.00 20.00 20.00 20.00 20.00 20.00 20.00 20.00 20.00 20.00 20.00 20.00 20.00 20.01 20.07 20.32 20.91 21.92 23.21 24.63 26.05 27.48 28.94 30.48 32.05 33.58 35.00 36.32 37.56 38.79 40.01 41.22 42.36 43.40 44.34 45.22 46.07 46.90 47.72 48.53 49.34 50.14 50.95 51.81 52.73 53.67 54.56 55.35 56.08 56.79 57.48 58.11 58.72 59.35 59.89 60.23 60.38 60.42 60.46 60.52 60.53 60.25 59.48 58.37 57.18 55.95 54.54 52.88 51.08 49.22 47.31
20.00 20.00 20.00 20.00 20.00 20.00 20.00 20.00 20.00 20.00 20.00 20.00 20.00 20.00 20.00 20.00 20.00 20.00 20.00 20.00 20.04 20.21 20.68 21.56 22.79 24.20 25.65 27.07 28.49 29.97 31.52 33.05 34.49 35.82 37.08 38.31 39.54 40.74 41.87 42.91 43.87 44.75 45.59 46.42 47.26 48.12 48.97 49.79 50.60 51.45 52.33 53.21 54.04 54.81 55.52 56.19 56.81 57.41 58.06 58.79 59.41 59.74 59.77 59.65 59.51 59.42 59.37 59.12 58.39 57.22 55.92 54.66 53.32 51.79 50.01 48.06 46.04
20.00 20.00 20.00 20.00 20.00 20.00 20.00 20.00 20.00 20.00 20.00 20.00 20.00 20.00 20.00 20.00 20.00 20.00 20.00 20.00 20.02 20.14 20.51 21.30 22.49 23.89 25.32 26.71 28.08 29.48 30.97 32.48 33.92 35.26 36.53 37.78 39.01 40.21 41.35 42.40 43.35 44.24 45.10 45.98 46.87 47.77 48.62 49.43 50.24 51.08 51.93 52.75 53.52 54.23 54.90 55.54 56.12 56.69 57.34 58.07 58.72 59.10 59.15 58.94 58.59 58.26 58.05 57.83 57.24 56.15 54.81 53.51 52.24 50.81 49.06 47.05 44.96
20.00 20.00 20.00 20.00 20.00 20.00 20.00 20.00 20.00 20.00 20.00 20.00 20.00 20.00 20.00 20.00 20.00 20.00 20.00 20.00 20.01 20.10 20.42 21.15 22.29 23.66 25.06 26.41 27.72 29.05 30.45 31.89 33.30 34.64 35.92 37.18 38.42 39.63 40.78 41.84 42.81 43.73 44.64 45.58 46.53 47.42 48.23 48.98 49.75 50.57 51.40 52.20 52.93 53.59 54.23 54.84 55.41 55.97 56.56 57.20 57.77 58.17 58.31 58.13 57.67 57.12 56.75 56.54 56.12 55.19 53.91 52.63 51.40 49.99 48.23 46.19 44.12
20.00 20.00 20.00 20.00 20.00 20.00 20.00 20.00 20.00 20.00 20.00 20.00 20.00 20.00 20.00 20.00 20.00 20.00 20.00 20.00 20.01 20.08 20.37 21.03 22.10 23.42 24.78 26.09 27.36 28.63 29.94 31.29 32.65 33.99 35.28 36.55 37.80 39.02 40.18 41.26 42.26 43.22 44.20 45.19 46.14 46.99 47.73 48.42 49.15 49.95 50.77 51.56 52.27 52.93 53.57 54.19 54.77 55.31 55.83 56.31 56.73 57.08 57.28 57.19 56.76 56.14 55.66 55.41 55.07 54.28 53.16 52.00 50.81 49.39 47.60 45.58 43.55
20.00 20.00 20.00 20.00 20.00 20.00 20.00 20.00 20.00 20.00 20.00 20.00 20.00 20.00 20.00 20.00 20.00 20.00 20.00 20.00 20.01 20.06 20.29 20.84 21.79 23.01 24.31 25.61 26.87 28.11 29.36 30.64 31.95 33.28 34.60 35.91 37.17 38.38 39.54 40.64 41.69 42.73 43.75 44.73 45.64 46.44 47.13 47.81 48.54 49.33 50.15 50.92 51.62 52.30 53.00 53.69 54.31 54.82 55.23 55.55 55.80 56.04 56.24 56.24 55.94 55.39 54.87 54.52 54.12 53.42 52.49 51.52 50.42 49.00 47.21 45.21 43.23
20.00 20.00 20.00 20.00 20.00 20.00 20.00 20.00 20.00 20.00 20.00 20.00 20.00 20.00 20.00 20.00 20.00 20.00 20.00 20.00 20.00 20.04 20.19 20.59 21.34 22.40 23.64 24.92 26.19 27.43 28.66 29.91 31.20 32.54 33.90 35.24 36.53 37.72 38.86 39.99 41.11 42.21 43.25 44.20 45.05 45.80 46.49 47.19 47.95 48.77 49.57 50.31 51.01 51.74 52.55 53.36 54.03 54.47 54.73 54.89 54.99 55.13 55.30 55.37 55.20 54.80 54.31 53.86 53.35 52.68 51.91 51.08 50.04 48.64 46.87 44.90 42.95
