testfile.txt
ncols 257
nrows 257
xllcorner 0
yllcorner 0
cellsize 10
[rows 34 to 67 of 257, columns 0 to 76 of 257]
20.00 20.00 20.00 20.00 20.00 20.00 20.00 20.00 20.00 20.00 20.00 20.00 20.00 20.00 20.01 20.03 20.13 20.40 20.89 21.60 22.42 23.32 24.30 25.37 26.40 27.31 28.20 29.23 30.43 31.64 32.78 33.88 34.95 35.99 36.96 37.80 38.45 38.92 39.28 39.56 39.77 39.94 40.08 40.27 40.53 40.83 41.11 41.36 41.62 41.90 42.18 42.50 42.87 43.26 43.55 43.69 43.74 43.76 43.82 44.00 44.33 44.73 45.03 45.17 45.20 45.20 45.20 45.20 45.20 45.20 45.20 45.20 45.20 45.21 45.21 45.24 45.27
20.00 20.00 20.00 20.00 20.00 20.00 20.00 20.00 20.00 20.00 20.00 20.00 20.00 20.00 20.03 20.11 20.33 20.80 21.54 22.50 23.54 24.61 25.71 26.84 27.89 28.82 29.71 30.73 31.92 33.17 34.37 35.49 36.52 37.43 38.26 38.97 39.53 39.97 40.33 40.66 40.96 41.18 41.33 41.50 41.77 42.10 42.42 42.72 43.03 43.39 43.74 44.09 44.45 44.79 45.03 45.15 45.19 45.21 45.26 45.44 45.78 46.17 46.45 46.55 46.56 46.56 46.56 46.56 46.56 46.56 46.56 46.56 46.57 46.57 46.59 46.65 46.73
20.00 20.00 20.00 20.00 20.00 20.00 20.00 20.00 20.00 20.00 20.00 20.00 20.00 20.02 20.08 20.28 20.71 21.42 22.38 23.51 24.68 25.86 27.04 28.20 29.28 30.23 31.15 32.17 33.33 34.58 35.82 36.95 37.91 38.70 39.38 40.00 40.55 41.01 41.41 41.78 42.13 42.41 42.60 42.79 43.08 43.44 43.78 44.08 44.43 44.84 45.25 45.64 46.00 46.27 46.43 46.51 46.55 46.56 46.62 46.80 47.15 47.54 47.80 47.89 47.89 47.88 47.88 47.88 47.88 47.88 47.89 47.91 47.92 47.94 47.98 48.09 48.24
20.00 20.00 20.00 20.00 20.00 20.00 20.00 20.00 20.00 20.00 20.00 20.00 20.00 20.04 20.18 20.55 21.24 22.20 23.35 24.58 25.83 27.07 28.29 29.48 30.60 31.61 32.55 33.52 34.61 35.80 37.01 38.11 39.02 39.76 40.41 41.01 41.58 42.09 42.52 42.92 43.29 43.60 43.85 44.11 44.44 44.82 45.15 45.45 45.81 46.24 46.67 47.08 47.43 47.67 47.79 47.84 47.86 47.88 47.93 48.10 48.43 48.82 49.09 49.20 49.20 49.19 49.19 49.19 49.19 49.20 49.24 49.30 49.37 49.41 49.49 49.67 49.88
20.00 20.00 20.00 20.00 20.00 20.00 20.00 20.00 20.00 20.00 20.00 20.00 20.01 20.07 20.31 20.88 21.82 23.03 24.33 25.65 26.94 28.22 29.48 30.72 31.88 32.93 33.88 34.82 35.82 36.90 38.00 39.03 39.93 40.72 41.40 42.02 42.59 43.12 43.57 43.98 44.37 44.74 45.09 45.44 45.83 46.21 46.52 46.80 47.15 47.57 47.98 48.36 48.70 48.95 49.08 49.15 49.18 49.19 49.23 49.37 49.66 50.05 50.37 50.51 50.53 50.51 50.50 50.50 50.50 50.53 50.63 50.79 50.95 51.06 51.19 51.43 51.68
20.00 20.00 20.00 20.00 20.00 20.00 20.00 20.00 20.00 20.00 20.00 20.00 20.02 20.13 20.48 21.23 22.39 23.79 25.23 26.62 27.96 29.28 30.59 31.86 33.06 34.13 35.12 36.06 37.00 37.95 38.92 39.86 40.77 41.62 42.35 42.95 43.50 44.02 44.49 44.94 45.38 45.84 46.31 46.75 47.17 47.55 47.83 48.08 48.40 48.77 49.14 49.48 49.83 50.12 50.32 50.43 50.48 50.50 50.53 50.63 50.91 51.33 51.71 51.89 51.89 51.84 51.82 51.81 51.82 51.88 52.06 52.36 52.66 52.84 53.00 53.28 53.55
20.00 20.00 20.00 20.00 20.00 20.00 20.00 20.00 20.00 20.00 20.00 20.00 20.04 20.21 20.68 21.59 22.91 24.44 25.98 27.43 28.81 30.18 31.55 32.87 34.08 35.19 36.24 37.22 38.14 39.01 39.86 40.73 41.62 42.47 43.18 43.76 44.28 44.81 45.33 45.83 46.34 46.90 47.45 47.94 48.37 48.72 49.01 49.27 49.56 49.88 50.20 50.54 50.92 51.28 51.56 51.72 51.79 51.81 51.83 51.93 52.23 52.72 53.16 53.34 53.28 53.18 53.13 53.13 53.14 53.23 53.50 53.97 54.40 54.62 54.76 55.04 55.28
20.00 20.00 20.00 20.00 20.00 20.00 20.00 20.00 20.00 20.00 20.00 20.01 20.06 20.30 20.88 21.93 23.34 24.94 26.54 28.06 29.50 30.93 32.35 33.68 34.92 36.08 37.19 38.23 39.17 40.03 40.85 41.68 42.52 43.29 43.94 44.49 45.02 45.59 46.17 46.72 47.29 47.88 48.45 48.93 49.34 49.70 50.05 50.40 50.73 51.02 51.30 51.66 52.09 52.51 52.84 53.02 53.10 53.12 53.14 53.25 53.59 54.16 54.67 54.82 54.69 54.52 54.45 54.44 54.45 54.57 54.92 55.53 56.08 56.31 56.36 56.52 56.66
20.00 20.00 20.00 20.00 20.00 20.00 20.00 20.00 20.00 20.00 20.00 20.01 20.08 20.36 21.04 22.17 23.63 25.25 26.89 28.47 30.01 31.51 32.96 34.31 35.57 36.79 37.96 39.04 40.03 40.94 41.80 42.62 43.39 44.07 44.65 45.19 45.77 46.43 47.08 47.66 48.21 48.76 49.29 49.76 50.18 50.60 51.06 51.55 51.96 52.25 52.49 52.85 53.31 53.76 54.10 54.31 54.40 54.43 54.45 54.57 54.95 55.58 56.15 56.30 56.11 55.88 55.77 55.75 55.77 55.89 56.29 56.98 57.63 57.87 57.79 57.72 57.66
20.00 20.00 20.00 20.00 20.00 20.00 20.00 20.00 20.00 20.00 20.00 20.01 20.09 20.40 21.12 22.28 23.76 25.38 27.05 28.69 30.30 31.88 33.37 34.75 36.06 37.32 38.52 39.65 40.71 41.70 42.61 43.42 44.13 44.73 45.28 45.84 46.49 47.24 47.96 48.56 49.06 49.55 50.04 50.53 51.03 51.55 52.11 52.70 53.19 53.48 53.71 54.05 54.51 54.96 55.32 55.55 55.68 55.73 55.76 55.89 56.27 56.93 57.53 57.71 57.50 57.24 57.10 57.07 57.08 57.20 57.58 58.27 58.95 59.21 59.02 58.72 58.45
20.00 20.00 20.00 20.00 20.00 20.00 20.00 20.00 20.00 20.00 20.00 20.01 20.09 20.41 21.14 22.31 23.79 25.42 27.09 28.76 30.41 32.04 33.58 35.04 36.42 37.73 38.96 40.12 41.24 42.29 43.24 44.04 44.70 45.28 45.84 46.44 47.14 47.93 48.69 49.31 49.80 50.27 50.79 51.37 51.98 52.59 53.18 53.77 54.27 54.61 54.87 55.22 55.68 56.13 56.49 56.76 56.94 57.03 57.08 57.18 57.53 58.13 58.71 58.93 58.78 58.55 58.44 58.41 58.42 58.51 58.82 59.38 59.97 60.21 60.03 59.67 59.30
20.00 20.00 20.00 20.00 20.00 20.00 20.00 20.00 20.00 20.00 20.00 20.01 20.09 20.40 21.12 22.29 23.77 25.40 27.08 28.76 30.43 32.08 33.68 35.23 36.71 38.08 39.34 40.53 41.69 42.78 43.72 44.51 45.18 45.78 46.37 47.01 47.71 48.49 49.24 49.88 50.43 50.98 51.59 52.28 52.98 53.62 54.17 54.69 55.19 55.59 55.94 56.35 56.83 57.28 57.65 57.97 58.21 58.35 58.41 58.49 58.74 59.19 59.67 59.91 59.90 59.83 59.81 59.82 59.84 59.89 60.08 60.43 60.81 61.02 60.95 60.69 60.38
20.00 20.00 20.00 20.00 20.00 20.00 20.00 20.00 20.00 20.00 20.00 20.01 20.08 20.36 21.04 22.18 23.67 25.34 27.05 28.74 30.41 32.08 33.72 35.33 36.90 38.35 39.66 40.89 42.07 43.16 44.10 44.89 45.60 46.25 46.90 47.57 48.27 49.00 49.72 50.38 51.03 51.71 52.43 53.20 53.93 54.54 55.03 55.49 55.99 56.48 56.93 57.42 57.93 58.38 58.78 59.16 59.48 59.70 59.80 59.87 60.02 60.28 60.58 60.82 60.99 61.13 61.27 61.34 61.37 61.39 61.47 61.62 61.81 61.96 62.00 61.90 61.71
20.00 20.00 20.00 20.00 20.00 20.00 20.00 20.00 20.00 20.00 20.00 20.01 20.06 20.30 20.89 21.96 23.46 25.18 26.96 28.68 30.36 32.03 33.69 35.33 36.95 38.45 39.82 41.10 42.30 43.39 44.33 45.16 45.93 46.66 47.38 48.10 48.81 49.51 50.20 50.91 51.66 52.45 53.25 54.01 54.70 55.26 55.73 56.21 56.74 57.30 57.85 58.41 58.94 59.41 59.86 60.33 60.78 61.11 61.29 61.37 61.44 61.55 61.71 61.93 62.22 62.55 62.80 62.93 62.96 62.97 62.99 63.03 63.11 63.21 63.29 63.29 63.18
20.00 20.00 20.00 20.00 20.00 20.00 20.00 20.00 20.00 20.00 20.00 20.00 20.04 20.21 20.70 21.68 23.15 24.92 26.74 28.49 30.17 31.84 33.51 35.17 36.80 38.34 39.76 41.07 42.29 43.39 44.36 45.24 46.08 46.90 47.71 48.51 49.26 49.95 50.64 51.41 52.26 53.13 53.95 54.67 55.28 55.82 56.33 56.87 57.45 58.06 58.67 59.28 59.85 60.39 60.93 61.51 62.09 62.54 62.80 62.93 62.98 63.02 63.11 63.30 63.65 64.06 64.38 64.52 64.56 64.56 64.56 64.57 64.60 64.67 64.76 64.78 64.72
20.00 20.00 20.00 20.00 20.00 20.00 20.00 20.00 20.00 20.00 20.00 20.00 20.02 20.14 20.54 21.42 22.82 24.56 26.37 28.11 29.80 31.47 33.14 34.80 36.44 38.01 39.46 40.80 42.03 43.16 44.17 45.10 46.01 46.93 47.86 48.74 49.53 50.23 50.95 51.78 52.71 53.64 54.46 55.14 55.73 56.30 56.88 57.49 58.12 58.76 59.41 60.06 60.71 61.36 62.03 62.73 63.40 63.93 64.27 64.45 64.53 64.58 64.64 64.83 65.20 65.64 65.97 66.12 66.15 66.15 66.14 66.15 66.17 66.22 66.28 66.31 66.27
20.00 20.00 20.00 20.00 20.00 20.00 20.00 20.00 20.00 20.00 20.00 20.00 20.01 20.10 20.44 21.23 22.52 24.16 25.90 27.62 29.29 30.96 32.63 34.29 35.94 37.54 39.02 40.36 41.60 42.75 43.82 44.81 45.80 46.82 47.86 48.82 49.65 50.37 51.11 51.98 52.96 53.93 54.78 55.48 56.11 56.74 57.40 58.08 58.76 59.44 60.12 60.81 61.55 62.34 63.15 63.94 64.67 65.25 65.64 65.88 66.04 66.13 66.21 66.40 66.77 67.22 67.56 67.71 67.74 67.73 67.73 67.73 67.74 67.77 67.82 67.84 67.81
20.00 20.00 20.00 20.00 20.00 20.00 20.00 20.00 20.00 20.00 20.00 20.00 20.01 20.08 20.37 21.07 22.24 23.74 25.39 27.07 28.74 30.41 32.08 33.74 35.40 37.01 38.51 39.86 41.10 42.26 43.38 44.45 45.53 46.65 47.77 48.79 49.65 50.40 51.15 52.05 53.06 54.07 54.95 55.72 56.43 57.15 57.89 58.63 59.37 60.09 60.83 61.60 62.45 63.34 64.23 65.08 65.86 66.49 66.93 67.24 67.46 67.61 67.73 67.93 68.30 68.76 69.12 69.29 69.32 69.32 69.31 69.31 69.32 69.33 69.35 69.36 69.35
20.00 20.00 20.00 20.00 20.00 20.00 20.00 20.00 20.00 20.00 20.00 20.00 20.01 20.06 20.29 20.87 21.89 23.26 24.83 26.48 28.14 29.81 31.48 33.14 34.80 36.43 37.96 39.34 40.58 41.77 42.93 44.07 45.22 46.41 47.59 48.66 49.56 50.33 51.13 52.06 53.10 54.13 55.05 55.89 56.71 57.52 58.34 59.14 59.91 60.70 61.54 62.44 63.38 64.33 65.25 66.13 66.96 67.65 68.13 68.47 68.73 68.94 69.13 69.37 69.76 70.25 70.66 70.87 70.92 70.90 70.89 70.89 70.89 70.89 70.90 70.90 70.90
20.00 20.00 20.00 20.00 20.00 20.00 20.00 20.00 20.00 20.00 20.00 20.00 20.00 20.04 20.20 20.63 21.47 22.69 24.18 25.80 27.46 29.12 30.79 32.45 34.12 35.75 37.31 38.74 40.04 41.27 42.46 43.64 44.84 46.07 47.26 48.36 49.32 50.18 51.07 52.06 53.14 54.18 55.14 56.03 56.93 57.84 58.73 59.57 60.38 61.25 62.22 63.25 64.28 65.26 66.19 67.10 67.96 68.67 69.19 69.55 69.87 70.14 70.42 70.76 71.23 71.78 72.26 72.49 72.51 72.47 72.44 72.44 72.44 72.44 72.44 72.44 72.44
20.00 20.00 20.00 20.00 20.00 20.00 20.00 20.00 20.00 20.00 20.00 20.00 20.00 20.02 20.11 20.40 21.05 22.11 23.50 25.07 26.72 28.38 30.05 31.71 33.37 35.01 36.58 38.05 39.41 40.69 41.92 43.15 44.38 45.61 46.80 47.92 48.96 49.95 50.97 52.07 53.19 54.25 55.21 56.14 57.09 58.08 59.03 59.91 60.78 61.75 62.85 64.00 65.09 66.12 67.08 67.99 68.84 69.55 70.11 70.57 70.97 71.33 71.71 72.15 72.72 73.36 73.89 74.11 74.06 73.95 73.90 73.89 73.89 73.89 73.89 73.89 73.89
20.00 20.00 20.00 20.00 20.00 20.00 20.00 20.00 20.00 20.00 20.00 20.00 20.00 20.01 20.05 20.23 20.72 21.62 22.91 24.43 26.06 27.72 29.37 31.03 32.68 34.29 35.84 37.30 38.68 39.99 41.29 42.59 43.87 45.11 46.28 47.43 48.55 49.68 50.83 52.03 53.20 54.28 55.25 56.19 57.19 58.23 59.24 60.18 61.14 62.22 63.42 64.65 65.81 66.88 67.87 68.78 69.59 70.32 70.98 71.59 72.12 72.59 73.04 73.56 74.20 74.91 75.48 75.67 75.52 75.33 75.23 75.21 75.21 75.21 75.21 75.21 75.21
20.00 20.00 20.00 20.00 20.00 20.00 20.00 20.00 20.00 20.00 20.00 20.00 20.00 20.00 20.02 20.14 20.51 21.29 22.49 23.97 25.56 27.18 28.80 30.43 32.07 33.65 35.16 36.57 37.92 39.25 40.60 41.97 43.32 44.59 45.80 46.98 48.18 49.39 50.63 51.89 53.11 54.22 55.22 56.19 57.22 58.30 59.36 60.38 61.45 62.65 63.94 65.20 66.40 67.50 68.52 69.42 70.24 71.04 71.84 72.61 73.27 73.84 74.39 74.95 75.60 76.34 76.94 77.12 76.91 76.62 76.48 76.44 76.44 76.44 76.44 76.44 76.44
20.00 20.00 20.00 20.00 20.00 20.00 20.00 20.00 20.00 20.00 20.00 20.00 20.00 20.00 20.01 20.09 20.39 21.08 22.19 23.60 25.13 26.70 28.27 29.86 31.47 33.04 34.52 35.90 37.21 38.53 39.89 41.30 42.71 44.05 45.33 46.58 47.84 49.10 50.36 51.64 52.91 54.07 55.12 56.13 57.20 58.33 59.45 60.57 61.76 63.06 64.38 65.65 66.85 67.98 69.00 69.93 70.82 71.73 72.67 73.55 74.32 75.01 75.67 76.28 76.90 77.57 78.16 78.36 78.15 77.84 77.68 77.64 77.65 77.66 77.67 77.67 77.68
20.00 20.00 20.00 20.00 20.00 20.00 20.00 20.00 20.00 20.00 20.00 20.00 20.00 20.00 20.01 20.06 20.29 20.87 21.86 23.17 24.64 26.15 27.67 29.22 30.80 32.36 33.85 35.23 36.55 37.85 39.20 40.61 42.05 43.48 44.85 46.19 47.49 48.76 50.02 51.32 52.61 53.84 54.96 56.04 57.17 58.35 59.56 60.80 62.11 63.46 64.78 66.03 67.23 68.37 69.42 70.39 71.37 72.39 73.42 74.39 75.25 76.06 76.82 77.47 78.01 78.56 79.06 79.28 79.17 78.96 78.86 78.86 78.90 78.96 79.00 79.02 79.02
20.00 20.00 20.00 20.00 20.00 20.00 20.00 20.00 20.00 20.00 20.00 20.00 20.00 20.00 20.00 20.04 20.20 20.63 21.45 22.64 24.03 25.51 27.00 28.51 30.06 31.61 33.11 34.53 35.88 37.19 38.53 39.92 41.38 42.88 44.34 45.75 47.09 48.38 49.65 50.95 52.27 53.55 54.75 55.92 57.12 58.38 59.68 61.04 62.46 63.86 65.16 66.39 67.58 68.74 69.83 70.88 71.94 73.03 74.11 75.14 76.09 76.98 77.79 78.44 78.92 79.34 79.73 79.97 80.03 80.03 80.05 80.13 80.24 80.37 80.48 80.53 80.54
20.00 20.00 20.00 20.00 20.00 20.00 20.00 20.00 20.00 20.00 20.00 20.00 20.00 20.00 20.00 20.02 20.11 20.40 21.04 22.07 23.39 24.84 26.34 27.84 29.35 30.85 32.33 33.79 35.20 36.56 37.90 39.27 40.74 42.28 43.81 45.28 46.66 47.97 49.26 50.57 51.93 53.26 54.55 55.82 57.09 58.40 59.77 61.24 62.74 64.16 65.46 66.68 67.88 69.07 70.23 71.38 72.52 73.65 74.76 75.83 76.85 77.78 78.59 79.24 79.72 80.11 80.45 80.74 80.97 81.15 81.29 81.44 81.64 81.87 82.05 82.14 82.17
20.00 20.00 20.00 20.00 20.00 20.00 20.00 20.00 20.00 20.00 20.00 20.00 20.00 20.00 20.00 20.01 20.05 20.23 20.70 21.58 22.81 24.25 25.75 27.26 28.73 30.17 31.62 33.10 34.57 35.98 37.33 38.68 40.12 41.68 43.27 44.79 46.21 47.55 48.86 50.19 51.59 53.02 54.41 55.75 57.07 58.41 59.82 61.33 62.88 64.33 65.65 66.88 68.09 69.32 70.57 71.83 73.06 74.24 75.38 76.49 77.53 78.46 79.28 79.98 80.56 81.02 81.40 81.75 82.08 82.36 82.57 82.77 83.04 83.36 83.60 83.72 83.75
20.00 20.00 20.00 20.00 20.00 20.00 20.00 20.00 20.00 20.00 20.00 20.00 20.00 20.00 20.00 20.00 20.02 20.13 20.47 21.21 22.34 23.73 25.23 26.74 28.20 29.62 31.06 32.57 34.07 35.50 36.85 38.17 39.58 41.14 42.76 44.33 45.79 47.15 48.47 49.84 51.31 52.84 54.32 55.72 57.06 58.41 59.83 61.36 62.92 64.40 65.76 67.03 68.28 69.56 70.88 72.23 73.54 74.77 75.94 77.05 78.10 79.05 79.92 80.73 81.46 82.05 82.51 82.90 83.28 83.60 83.86 84.11 84.43 84.79 85.06 85.18 85.20
20.00 20.00 20.00 20.00 20.00 20.00 20.00 20.00 20.00 20.00 20.00 20.00 20.00 20.00 20.00 20.00 20.01 20.07 20.32 20.92 21.93 23.25 24.74 26.25 27.73 29.19 30.67 32.21 33.72 35.15 36.48 37.78 39.17 40.71 42.34 43.94 45.42 46.80 48.15 49.57 51.11 52.72 54.28 55.71 57.06 58.41 59.84 61.36 62.94 64.45 65.86 67.21 68.54 69.87 71.25 72.63 73.96 75.21 76.39 77.51 78.55 79.53 80.50 81.45 82.32 83.04 83.59 84.03 84.43 84.81 85.12 85.44 85.81 86.19 86.45 86.55 86.55
20.00 20.00 20.00 20.00 20.00 20.00 20.00 20.00 20.00 20.00 20.00 20.00 20.00 20.00 20.00 20.00 20.00 20.04 20.21 20.68 21.56 22.82 24.28 25.82 27.36 28.87 30.38 31.92 33.43 34.85 36.18 37.48 38.85 40.36 41.99 43.59 45.10 46.52 47.93 49.40 51.00 52.66 54.25 55.71 57.06 58.41 59.84 61.37 62.95 64.50 65.98 67.43 68.85 70.26 71.67 73.06 74.38 75.61 76.78 77.88 78.92 79.94 80.98 82.05 83.04 83.88 84.53 85.06 85.53 85.98 86.38 86.76 87.15 87.53 87.78 87.86 87.85
20.00 20.00 20.00 20.00 20.00 20.00 20.00 20.00 20.00 20.00 20.00 20.00 20.00 20.00 20.00 20.00 20.00 20.02 20.14 20.50 21.28 22.47 23.93 25.50 27.08 28.61 30.10 31.59 33.08 34.51 35.86 37.17 38.51 39.98 41.58 43.20 44.76 46.26 47.76 49.32 50.96 52.65 54.25 55.70 57.06 58.41 59.84 61.37 62.96 64.53 66.08 67.61 69.11 70.59 72.05 73.45 74.76 75.98 77.13 78.22 79.25 80.30 81.40 82.53 83.60 84.55 85.34 86.01 86.60 87.13 87.60 88.00 88.41 88.79 89.04 89.12 89.13
20.00 20.00 20.00 20.00 20.00 20.00 20.00 20.00 20.00 20.00 20.00 20.00 20.00 20.00 20.00 20.00 20.00 20.01 20.09 20.39 21.08 22.20 23.63 25.21 26.81 28.33 29.77 31.21 32.68 34.13 35.50 36.82 38.13 39.56 41.12 42.77 44.40 46.01 47.62 49.26 50.95 52.64 54.25 55.70 57.06 58.41 59.84 61.37 62.96 64.55 66.12 67.68 69.22 70.75 72.25 73.68 74.99 76.21 77.37 78.47 79.53 80.62 81.77 82.95 84.08 85.13 86.07 86.90 87.60 88.20 88.69 89.11 89.53 89.96 90.27 90.38 90.40
20.00 20.00 20.00 20.00 20.00 20.00 20.00 20.00 20.00 20.00 20.00 20.00 20.00 20.00 20.00 20.00 20.00 20.01 20.06 20.30 20.88 21.90 23.28 24.85 26.45 27.98 29.42 30.86 32.35 33.82 35.20 36.51 37.81 39.21 40.76 42.43 44.12 45.81 47.51 49.21 50.94 52.64 54.25 55.70 57.06 58.41 59.84 61.37 62.96 64.55 66.11 67.65 69.17 70.68 72.20 73.65 74.99 76.24 77.41 78.55 79.68 80.85 82.09 83.33 84.52 85.66 86.73 87.67 88.46 89.10 89.62 90.08 90.58 91.13 91.55 91.71 91.71
