testfile.txt
ncols 257
nrows 257
xllcorner 0
yllcorner 0
cellsize 10
[rows 68 to 101 of 257, columns 0 to 76 of 257]
20.00 20.00 20.00 20.00 20.00 20.00 20.00 20.00 20.00 20.00 20.00 20.00 20.00 20.00 20.00 20.00 20.00 20.00 20.04 20.21 20.68 21.60 22.92 24.49 26.10 27.66 29.14 30.63 32.16 33.65 35.03 36.33 37.63 39.02 40.58 42.26 43.98 45.72 47.46 49.19 50.93 52.64 54.25 55.70 57.06 58.41 59.84 61.37 62.96 64.52 66.04 67.51 68.95 70.41 71.90 73.37 74.75 76.04 77.25 78.42 79.62 80.91 82.27 83.61 84.88 86.10 87.25 88.28 89.14 89.84 90.43 90.99 91.62 92.31 92.84 93.05 93.06
20.00 20.00 20.00 20.00 20.00 20.00 20.00 20.00 20.00 20.00 20.00 20.00 20.00 20.00 20.00 20.00 20.00 20.00 20.02 20.14 20.53 21.38 22.71 24.31 25.97 27.53 29.03 30.55 32.09 33.59 34.97 36.27 37.56 38.96 40.52 42.21 43.94 45.69 47.44 49.19 50.93 52.64 54.25 55.70 57.06 58.41 59.84 61.37 62.95 64.48 65.94 67.31 68.65 70.03 71.49 72.98 74.40 75.72 76.96 78.16 79.42 80.81 82.28 83.74 85.10 86.38 87.59 88.68 89.63 90.45 91.18 91.89 92.63 93.39 93.98 94.26 94.32
20.00 20.00 20.00 20.00 20.00 20.00 20.00 20.00 20.00 20.00 20.00 20.00 20.00 20.00 20.00 20.00 20.00 20.00 20.01 20.11 20.46 21.30 22.68 24.37 26.08 27.64 29.10 30.57 32.09 33.58 34.96 36.25 37.55 38.95 40.52 42.21 43.94 45.69 47.44 49.18 50.93 52.64 54.24 55.70 57.06 58.41 59.83 61.36 62.93 64.43 65.82 67.12 68.39 69.71 71.16 72.66 74.10 75.44 76.68 77.90 79.20 80.66 82.22 83.76 85.18 86.50 87.75 88.92 89.98 90.97 91.88 92.73 93.54 94.29 94.90 95.27 95.44
20.00 20.00 20.00 20.00 20.00 20.00 20.00 20.00 20.00 20.00 20.00 20.00 20.00 20.00 20.00 20.00 20.00 20.00 20.01 20.10 20.45 21.29 22.70 24.46 26.21 27.78 29.20 30.63 32.12 33.59 34.96 36.25 37.55 38.95 40.52 42.21 43.94 45.68 47.42 49.15 50.88 52.59 54.19 55.66 57.02 58.38 59.80 61.31 62.87 64.36 65.71 66.97 68.22 69.53 70.96 72.46 73.91 75.24 76.48 77.71 79.04 80.53 82.13 83.70 85.16 86.51 87.81 89.06 90.25 91.40 92.48 93.45 94.31 95.07 95.69 96.14 96.45
20.00 20.00 20.00 20.00 20.00 20.00 20.00 20.00 20.00 20.00 20.00 20.00 20.00 20.00 20.00 20.00 20.00 20.00 20.01 20.10 20.44 21.27 22.66 24.39 26.15 27.74 29.19 30.63 32.12 33.59 34.96 36.25 37.55 38.95 40.52 42.20 43.93 45.65 47.35 49.04 50.72 52.41 54.02 55.51 56.90 58.26 59.66 61.16 62.70 64.19 65.55 66.83 68.09 69.40 70.81 72.28 73.71 75.05 76.30 77.55 78.87 80.34 81.94 83.53 85.02 86.43 87.79 89.14 90.46 91.75 92.95 94.03 94.96 95.77 96.45 96.99 97.42
20.00 20.00 20.00 20.00 20.00 20.00 20.00 20.00 20.00 20.00 20.00 20.00 20.00 20.00 20.00 20.00 20.00 20.00 20.01 20.11 20.45 21.26 22.57 24.21 25.91 27.53 29.05 30.56 32.09 33.58 34.96 36.25 37.55 38.95 40.52 42.20 43.90 45.57 47.20 48.79 50.40 52.05 53.68 55.21 56.63 58.00 59.38 60.84 62.37 63.87 65.28 66.61 67.91 69.22 70.58 71.99 73.41 74.76 76.05 77.29 78.59 80.02 81.58 83.19 84.74 86.24 87.71 89.18 90.63 92.04 93.34 94.49 95.49 96.38 97.15 97.81 98.35
20.00 20.00 20.00 20.00 20.00 20.00 20.00 20.00 20.00 20.00 20.00 20.00 20.00 20.00 20.00 20.00 20.00 20.00 20.02 20.14 20.52 21.34 22.59 24.12 25.73 27.33 28.90 30.48 32.07 33.57 34.96 36.25 37.55 38.95 40.51 42.19 43.86 45.46 46.98 48.46 49.98 51.59 53.24 54.81 56.27 57.65 59.00 60.43 61.94 63.47 64.94 66.32 67.65 68.93 70.22 71.59 73.00 74.38 75.69 76.93 78.19 79.57 81.10 82.73 84.36 85.98 87.59 89.18 90.76 92.29 93.67 94.87 95.91 96.88 97.77 98.56 99.24
20.00 20.00 20.00 20.00 20.00 20.00 20.00 20.00 20.00 20.00 20.00 20.00 20.00 20.00 20.00 20.00 20.00 20.00 20.04 20.21 20.68 21.56 22.81 24.26 25.77 27.30 28.85 30.44 32.05 33.57 34.96 36.25 37.55 38.95 40.51 42.18 43.81 45.34 46.77 48.17 49.63 51.22 52.87 54.46 55.93 57.30 58.64 60.05 61.55 63.10 64.60 66.01 67.32 68.58 69.83 71.16 72.56 73.95 75.27 76.51 77.75 79.08 80.58 82.23 83.96 85.71 87.46 89.17 90.85 92.47 93.93 95.17 96.26 97.30 98.31 99.24 100.10
20.00 20.00 20.00 20.00 20.00 20.00 20.00 20.00 20.00 20.00 20.00 20.00 20.00 20.00 20.00 20.00 20.00 20.01 20.06 20.29 20.87 21.86 23.15 24.54 25.96 27.39 28.87 30.44 32.05 33.57 34.96 36.25 37.55 38.95 40.51 42.17 43.78 45.27 46.66 48.02 49.46 51.02 52.63 54.19 55.63 56.99 58.34 59.73 61.22 62.77 64.27 65.68 66.98 68.21 69.44 70.74 72.12 73.50 74.80 76.04 77.27 78.57 80.03 81.69 83.51 85.42 87.30 89.11 90.86 92.54 94.06 95.39 96.58 97.71 98.80 99.86 100.96
20.00 20.00 20.00 20.00 20.00 20.00 20.00 20.00 20.00 20.00 20.00 20.00 20.00 20.00 20.00 20.00 20.00 20.01 20.08 20.37 21.04 22.12 23.44 24.81 26.16 27.51 28.93 30.46 32.05 33.57 34.96 36.25 37.55 38.95 40.51 42.16 43.78 45.27 46.68 48.04 49.44 50.92 52.45 53.92 55.32 56.67 58.01 59.39 60.84 62.37 63.88 65.30 66.60 67.84 69.05 70.31 71.64 72.99 74.29 75.53 76.76 78.04 79.45 81.07 82.95 84.97 86.99 88.90 90.71 92.44 94.06 95.53 96.88 98.13 99.31 100.51 101.86
20.00 20.00 20.00 20.00 20.00 20.00 20.00 20.00 20.00 20.00 20.00 20.00 20.00 20.00 20.00 20.00 20.00 20.01 20.10 20.42 21.15 22.29 23.64 25.01 26.34 27.65 29.03 30.51 32.07 33.58 34.96 36.25 37.55 38.95 40.50 42.15 43.78 45.32 46.77 48.14 49.48 50.83 52.22 53.59 54.94 56.28 57.62 58.97 60.39 61.89 63.42 64.86 66.20 67.44 68.65 69.88 71.15 72.46 73.75 75.00 76.24 77.49 78.83 80.38 82.22 84.30 86.42 88.44 90.33 92.14 93.91 95.60 97.17 98.58 99.90 101.27 102.84
20.00 20.00 20.00 20.00 20.00 20.00 20.00 20.00 20.00 20.00 20.00 20.00 20.00 20.00 20.00 20.00 20.00 20.02 20.14 20.51 21.30 22.47 23.85 25.24 26.58 27.88 29.21 30.64 32.14 33.60 34.96 36.25 37.54 38.93 40.46 42.08 43.71 45.29 46.79 48.17 49.43 50.66 51.92 53.21 54.53 55.86 57.19 58.53 59.91 61.39 62.92 64.40 65.78 67.06 68.29 69.50 70.73 71.99 73.26 74.51 75.75 76.98 78.25 79.68 81.40 83.42 85.59 87.72 89.73 91.68 93.65 95.60 97.42 99.04 100.57 102.15 103.91
20.00 20.00 20.00 20.00 20.00 20.00 20.00 20.00 20.00 20.00 20.00 20.00 20.00 20.00 20.00 20.00 20.00 20.04 20.21 20.67 21.55 22.78 24.15 25.54 26.89 28.19 29.48 30.83 32.24 33.64 34.97 36.25 37.53 38.89 40.38 41.95 43.54 45.09 46.59 47.96 49.19 50.35 51.57 52.85 54.17 55.48 56.79 58.10 59.46 60.90 62.42 63.93 65.35 66.70 67.99 69.22 70.42 71.62 72.85 74.09 75.32 76.52 77.73 79.04 80.60 82.49 84.64 86.87 89.04 91.20 93.39 95.57 97.60 99.46 101.25 103.11 105.06
20.00 20.00 20.00 20.00 20.00 20.00 20.00 20.00 20.00 20.00 20.00 20.00 20.00 20.00 20.00 20.00 20.01 20.06 20.29 20.87 21.86 23.14 24.51 25.87 27.20 28.48 29.74 31.03 32.36 33.69 34.98 36.25 37.52 38.85 40.28 41.79 43.33 44.83 46.27 47.61 48.83 50.02 51.27 52.59 53.92 55.19 56.45 57.71 59.03 60.44 61.95 63.48 64.96 66.37 67.71 68.97 70.14 71.30 72.50 73.71 74.90 76.08 77.26 78.50 79.93 81.69 83.80 86.10 88.45 90.81 93.20 95.54 97.71 99.75 101.83 104.01 106.19
20.00 20.00 20.00 20.00 20.00 20.00 20.00 20.00 20.00 20.00 20.00 20.00 20.00 20.00 20.00 20.00 20.01 20.08 20.36 21.03 22.11 23.43 24.79 26.11 27.39 28.66 29.91 31.17 32.45 33.73 34.99 36.25 37.50 38.81 40.21 41.70 43.21 44.67 46.06 47.38 48.62 49.83 51.12 52.47 53.79 55.02 56.20 57.41 58.69 60.07 61.57 63.11 64.61 66.05 67.40 68.66 69.84 70.98 72.15 73.33 74.50 75.67 76.84 78.05 79.42 81.11 83.19 85.54 88.02 90.52 93.03 95.45 97.70 99.88 102.19 104.68 107.15
20.00 20.00 20.00 20.00 20.00 20.00 20.00 20.00 20.00 20.00 20.00 20.00 20.00 20.00 20.00 20.00 20.01 20.09 20.40 21.11 22.24 23.57 24.92 26.21 27.48 28.73 29.98 31.23 32.49 33.74 35.00 36.25 37.50 38.80 40.21 41.72 43.26 44.73 46.11 47.41 48.64 49.84 51.09 52.40 53.69 54.88 56.04 57.23 58.49 59.84 61.30 62.81 64.30 65.71 67.04 68.29 69.47 70.63 71.79 72.95 74.12 75.29 76.47 77.69 79.04 80.69 82.74 85.11 87.62 90.17 92.72 95.18 97.50 99.81 102.32 105.07 107.83
20.00 20.00 20.00 20.00 20.00 20.00 20.00 20.00 20.00 20.00 20.00 20.00 20.00 20.00 20.00 20.00 20.01 20.10 20.42 21.15 22.28 23.62 24.96 26.24 27.50 28.75 30.00 31.25 32.50 33.75 35.00 36.25 37.51 38.84 40.30 41.86 43.43 44.91 46.28 47.57 48.77 49.91 51.06 52.29 53.53 54.73 55.91 57.13 58.38 59.69 61.05 62.49 63.93 65.33 66.65 67.91 69.11 70.28 71.45 72.63 73.80 74.98 76.15 77.35 78.67 80.27 82.27 84.59 87.08 89.61 92.16 94.66 97.08 99.54 102.25 105.21 108.23
20.00 20.00 20.00 20.00 20.00 20.00 20.00 20.00 20.00 20.00 20.00 20.00 20.00 20.00 20.00 20.00 20.02 20.11 20.45 21.19 22.31 23.64 24.97 26.25 27.50 28.75 30.00 31.25 32.50 33.75 35.00 36.25 37.53 38.89 40.40 42.00 43.58 45.05 46.41 47.68 48.84 49.92 50.99 52.13 53.35 54.58 55.82 57.07 58.32 59.55 60.81 62.14 63.55 64.96 66.32 67.63 68.86 70.03 71.21 72.41 73.59 74.74 75.87 77.03 78.29 79.81 81.72 83.96 86.40 88.91 91.46 94.01 96.54 99.19 102.09 105.22 108.41
20.00 20.00 20.00 20.00 20.00 20.00 20.00 20.00 20.00 20.00 20.00 20.00 20.00 20.00 20.00 20.00 20.02 20.14 20.51 21.26 22.37 23.67 24.98 26.25 27.50 28.75 30.00 31.25 32.50 33.75 35.00 36.25 37.54 38.92 40.43 42.03 43.58 45.03 46.38 47.64 48.79 49.84 50.88 52.00 53.22 54.48 55.77 57.05 58.28 59.46 60.62 61.88 63.26 64.70 66.12 67.48 68.73 69.91 71.09 72.30 73.48 74.59 75.66 76.76 77.97 79.42 81.22 83.40 85.80 88.32 90.89 93.48 96.12 98.90 101.95 105.19 108.48
20.00 20.00 20.00 20.00 20.00 20.00 20.00 20.00 20.00 20.00 20.00 20.00 20.00 20.00 20.00 20.00 20.03 20.18 20.58 21.36 22.45 23.71 24.99 26.25 27.50 28.75 30.00 31.25 32.50 33.75 35.00 36.25 37.54 38.91 40.40 41.96 43.46 44.86 46.18 47.44 48.61 49.70 50.78 51.92 53.16 54.45 55.75 57.04 58.27 59.41 60.52 61.74 63.11 64.57 66.02 67.39 68.64 69.81 70.99 72.21 73.38 74.46 75.51 76.59 77.78 79.19 80.93 83.06 85.47 88.01 90.61 93.23 95.91 98.76 101.87 105.16 108.49
20.00 20.00 20.00 20.00 20.00 20.00 20.00 20.00 20.00 20.00 20.00 20.00 20.00 20.00 20.00 20.00 20.04 20.21 20.64 21.43 22.51 23.74 24.99 26.25 27.50 28.75 30.00 31.25 32.50 33.75 35.00 36.25 37.54 38.90 40.37 41.88 43.33 44.66 45.92 47.16 48.35 49.51 50.67 51.87 53.14 54.44 55.75 57.04 58.26 59.39 60.50 61.70 63.07 64.51 65.92 67.26 68.49 69.66 70.85 72.06 73.23 74.32 75.40 76.51 77.71 79.11 80.85 82.98 85.41 87.99 90.60 93.23 95.91 98.76 101.86 105.15 108.47
20.00 20.00 20.00 20.00 20.00 20.00 20.00 20.00 20.00 20.00 20.00 20.00 20.00 20.00 20.00 20.00 20.05 20.22 20.67 21.47 22.54 23.75 25.00 26.25 27.50 28.75 30.00 31.25 32.50 33.75 35.00 36.25 37.54 38.90 40.36 41.85 43.25 44.51 45.70 46.90 48.11 49.34 50.57 51.84 53.13 54.44 55.75 57.04 58.26 59.39 60.49 61.70 63.05 64.46 65.83 67.10 68.31 69.49 70.68 71.88 73.05 74.19 75.32 76.47 77.70 79.13 80.93 83.13 85.63 88.25 90.87 93.48 96.11 98.89 101.91 105.11 108.37
20.00 20.00 20.00 20.00 20.00 20.00 20.00 20.00 20.00 20.00 20.00 20.00 20.00 20.00 20.00 20.00 20.05 20.23 20.68 21.48 22.55 23.75 25.00 26.25 27.50 28.75 30.00 31.25 32.50 33.75 35.00 36.25 37.54 38.89 40.34 41.81 43.16 44.38 45.54 46.72 47.96 49.23 50.52 51.82 53.13 54.44 55.75 57.04 58.26 59.39 60.49 61.70 63.04 64.43 65.75 66.99 68.19 69.37 70.56 71.75 72.93 74.10 75.27 76.45 77.72 79.21 81.13 83.50 86.12 88.80 91.43 94.01 96.55 99.18 102.01 105.04 108.14
20.00 20.00 20.00 20.00 20.00 20.00 20.00 20.00 20.00 20.00 20.00 20.00 20.00 20.00 20.00 20.00 20.05 20.23 20.68 21.48 22.55 23.75 25.00 26.25 27.50 28.75 30.00 31.25 32.50 33.75 35.00 36.25 37.53 38.86 40.27 41.68 43.00 44.23 45.41 46.63 47.90 49.20 50.50 51.81 53.13 54.44 55.75 57.04 58.26 59.39 60.49 61.70 63.04 64.42 65.72 66.95 68.14 69.32 70.51 71.70 72.89 74.07 75.25 76.45 77.74 79.32 81.39 83.95 86.74 89.49 92.14 94.69 97.14 99.60 102.19 104.95 107.82
20.00 20.00 20.00 20.00 20.00 20.00 20.00 20.00 20.00 20.00 20.00 20.00 20.00 20.00 20.00 20.00 20.05 20.23 20.68 21.48 22.55 23.75 25.00 26.25 27.50 28.75 30.00 31.25 32.50 33.75 35.00 36.25 37.52 38.82 40.16 41.51 42.82 44.08 45.32 46.59 47.88 49.19 50.50 51.81 53.12 54.44 55.75 57.04 58.26 59.39 60.49 61.70 63.04 64.41 65.71 66.93 68.13 69.31 70.50 71.69 72.88 74.07 75.25 76.46 77.76 79.40 81.60 84.32 87.23 90.04 92.71 95.26 97.69 100.05 102.43 104.90 107.49
20.00 20.00 20.00 20.00 20.00 20.00 20.00 20.00 20.00 20.00 20.00 20.00 20.00 20.00 20.00 20.00 20.05 20.23 20.68 21.48 22.55 23.75 25.00 26.25 27.50 28.75 30.00 31.25 32.50 33.75 35.00 36.25 37.51 38.78 40.08 41.39 42.69 43.98 45.27 46.57 47.88 49.19 50.50 51.81 53.12 54.44 55.75 57.04 58.26 59.39 60.49 61.70 63.04 64.41 65.71 66.93 68.13 69.32 70.52 71.71 72.91 74.10 75.29 76.49 77.80 79.46 81.72 84.51 87.47 90.32 93.01 95.58 98.05 100.41 102.68 104.92 107.25
20.00 20.00 20.00 20.00 20.00 20.00 20.00 20.00 20.00 20.00 20.00 20.00 20.00 20.00 20.00 20.00 20.05 20.23 20.68 21.48 22.55 23.75 25.00 26.25 27.50 28.75 30.00 31.25 32.50 33.75 35.00 36.25 37.50 38.77 40.04 41.34 42.64 43.95 45.25 46.56 47.88 49.19 50.50 51.81 53.12 54.44 55.75 57.04 58.26 59.39 60.49 61.70 63.04 64.41 65.71 66.93 68.13 69.34 70.56 71.80 73.02 74.23 75.42 76.61 77.90 79.54 81.78 84.57 87.55 90.40 93.10 95.70 98.23 100.66 102.92 105.05 107.21
20.00 20.00 20.00 20.00 20.00 20.00 20.00 20.00 20.00 20.00 20.00 20.00 20.00 20.00 20.00 20.00 20.05 20.23 20.68 21.48 22.55 23.75 25.00 26.25 27.50 28.75 30.00 31.25 32.50 33.75 35.00 36.25 37.50 38.76 40.04 41.33 42.63 43.94 45.25 46.56 47.88 49.19 50.50 51.81 53.12 54.44 55.75 57.04 58.26 59.39 60.49 61.70 63.04 64.41 65.71 66.93 68.14 69.37 70.66 71.96 73.24 74.48 75.67 76.85 78.11 79.70 81.88 84.62 87.57 90.42 93.11 95.73 98.30 100.78 103.12 105.29 107.36
20.00 20.00 20.00 20.00 20.00 20.00 20.00 20.00 20.00 20.00 20.00 20.00 20.00 20.00 20.00 20.00 20.05 20.23 20.68 21.48 22.55 23.75 25.00 26.25 27.50 28.75 30.00 31.25 32.50 33.75 35.00 36.25 37.50 38.76 40.03 41.32 42.63 43.94 45.25 46.56 47.88 49.19 50.50 51.81 53.12 54.44 55.75 57.04 58.26 59.39 60.49 61.70 63.04 64.41 65.71 66.94 68.15 69.42 70.77 72.17 73.52 74.79 75.99 77.16 78.39 79.92 82.03 84.70 87.60 90.42 93.11 95.72 98.29 100.80 103.23 105.49 107.52
20.00 20.00 20.00 20.00 20.00 20.00 20.00 20.00 20.00 20.00 20.00 20.00 20.00 20.00 20.00 20.00 20.05 20.23 20.68 21.48 22.55 23.75 25.00 26.25 27.50 28.75 30.00 31.25 32.50 33.75 35.00 36.25 37.50 38.76 40.03 41.32 42.63 43.94 45.25 46.56 47.88 49.19 50.50 51.81 53.12 54.44 55.75 57.04 58.26 59.39 60.49 61.70 63.04 64.41 65.71 66.94 68.16 69.46 70.87 72.33 73.74 75.04 76.25 77.42 78.65 80.17 82.22 84.82 87.65 90.44 93.11 95.70 98.24 100.74 103.20 105.50 107.41
20.00 20.00 20.00 20.00 20.00 20.00 20.00 20.00 20.00 20.00 20.00 20.00 20.00 20.00 20.00 20.00 20.05 20.23 20.68 21.48 22.55 23.75 25.00 26.25 27.50 28.75 30.00 31.25 32.50 33.75 35.00 36.25 37.50 38.76 40.03 41.32 42.63 43.94 45.25 46.56 47.88 49.19 50.50 51.81 53.12 54.44 55.75 57.04 58.26 59.39 60.49 61.70 63.04 64.41 65.71 66.94 68.17 69.48 70.92 72.42 73.86 75.17 76.38 77.57 78.82 80.35 82.38 84.92 87.70 90.45 93.10 95.68 98.20 100.66 103.05 105.23 106.91
20.00 20.00 20.00 20.00 20.00 20.00 20.00 20.00 20.00 20.00 20.00 20.00 20.00 20.00 20.00 20.00 20.05 20.23 20.68 21.48 22.55 23.75 25.00 26.25 27.50 28.75 30.00 31.25 32.50 33.75 35.00 36.25 37.50 38.76 40.03 41.32 42.63 43.94 45.25 46.56 47.88 49.19 50.50 51.81 53.12 54.44 55.75 57.04 58.26 59.39 60.49 61.70 63.04 64.41 65.71 66.94 68.17 69.48 70.93 72.44 73.88 75.20 76.42 77.61 78.87 80.42 82.45 84.96 87.71 90.44 93.10 95.68 98.18 100.57 102.81 104.72 106.09
20.00 20.00 20.00 20.00 20.00 20.00 20.00 20.00 20.00 20.00 20.00 20.00 20.00 20.00 20.00 20.00 20.05 20.23 20.68 21.48 22.55 23.75 25.00 26.25 27.50 28.75 30.00 31.25 32.50 33.75 35.00 36.25 37.50 38.76 40.03 41.32 42.63 43.94 45.25 46.56 47.88 49.19 50.50 51.81 53.12 54.44 55.75 57.04 58.26 59.39 60.49 61.70 63.04 64.41 65.71 66.94 68.17 69.48 70.92 72.42 73.86 75.17 76.39 77.57 78.83 80.36 82.38 84.89 87.64 90.37 93.02 95.61 98.10 100.42 102.45 104.05 105.11
20.00 20.00 20.00 20.00 20.00 20.00 20.00 20.00 20.00 20.00 20.00 20.00 20.00 20.00 20.00 20.00 20.05 20.23 20.68 21.48 22.55 23.75 25.00 26.25 27.50 28.75 30.00 31.25 32.50 33.75 35.00 36.25 37.50 38.76 40.03 41.32 42.63 43.94 45.25 46.56 47.88 49.19 50.50 51.81 53.12 54.44 55.75 57.04 58.26 59.39 60.49 61.70 63.04 64.41 65.71 66.94 68.16 69.46 70.87 72.34 73.75 75.05 76.26 77.44 78.68 80.18 82.18 84.67 87.39 90.10 92.74 95.32 97.80 100.04 101.90 103.25 104.04
