testfile.txt
ncols 257
nrows 257
xllcorner 0
yllcorner 0
cellsize 10
[rows 102 to 135 of 257, columns 77 to 153 of 257]
102.70 102.14 101.17 99.79 97.73 94.70 90.73 86.34 82.15 78.45 75.23 72.46 70.16 68.24 66.61 65.21 63.99 62.81 61.52 60.05 58.44 56.83 55.32 53.85 52.36 50.90 49.47 48.03 46.66 45.43 44.36 43.47 42.68 41.88 41.09 40.36 39.67 39.01 38.37 37.80 37.29 36.84 36.40 35.94 35.47 35.02 34.56 34.10 33.64 33.14 32.64 32.22 31.83 31.35 30.79 30.27 29.83 29.41 28.93 28.35 27.69 27.06 26.64 26.40 26.15 25.77 25.25 24.61 23.93 23.37 23.00 22.69 22.30 21.85 21.41 21.02 20.71
100.43 99.38 97.90 96.01 93.43 89.89 85.60 81.23 77.35 74.06 71.20 68.72 66.70 65.06 63.65 62.37 61.12 59.79 58.26 56.47 54.51 52.62 50.98 49.52 48.13 46.82 45.59 44.37 43.22 42.24 41.48 40.91 40.40 39.82 39.17 38.50 37.86 37.26 36.71 36.22 35.79 35.41 35.01 34.57 34.12 33.67 33.23 32.78 32.32 31.80 31.28 30.84 30.44 29.94 29.39 28.92 28.56 28.23 27.82 27.30 26.65 26.02 25.58 25.36 25.15 24.82 24.32 23.68 22.99 22.40 21.99 21.68 21.36 21.02 20.71 20.46 20.28
97.03 95.40 93.34 91.00 88.14 84.54 80.41 76.36 72.88 70.02 67.59 65.49 63.76 62.31 60.97 59.60 58.14 56.55 54.75 52.72 50.56 48.57 46.97 45.66 44.48 43.43 42.46 41.53 40.64 39.90 39.38 39.02 38.69 38.25 37.70 37.09 36.47 35.87 35.29 34.77 34.35 34.02 33.69 33.27 32.81 32.38 31.95 31.51 31.06 30.52 29.97 29.50 29.07 28.56 28.02 27.60 27.30 27.02 26.66 26.19 25.60 24.98 24.54 24.32 24.15 23.82 23.32 22.71 22.07 21.53 21.15 20.90 20.67 20.46 20.28 20.16 20.08
92.69 90.59 88.17 85.65 82.87 79.55 75.82 72.17 69.07 66.60 64.54 62.74 61.13 59.63 58.11 56.50 54.78 52.97 51.05 49.02 46.97 45.13 43.70 42.58 41.62 40.79 40.08 39.42 38.77 38.22 37.83 37.57 37.31 36.94 36.44 35.85 35.23 34.59 33.95 33.36 32.91 32.65 32.40 32.01 31.55 31.13 30.71 30.27 29.82 29.29 28.72 28.24 27.80 27.31 26.80 26.40 26.11 25.84 25.49 25.06 24.53 23.96 23.51 23.27 23.08 22.77 22.30 21.77 21.26 20.85 20.57 20.39 20.26 20.16 20.08 20.04 20.02
88.02 85.76 83.28 80.85 78.33 75.42 72.12 68.86 66.06 63.83 61.94 60.18 58.43 56.65 54.83 52.98 51.12 49.29 47.50 45.72 44.00 42.48 41.26 40.28 39.45 38.77 38.26 37.81 37.36 36.94 36.60 36.35 36.09 35.73 35.24 34.65 34.02 33.36 32.67 32.02 31.56 31.34 31.15 30.78 30.32 29.89 29.47 29.04 28.60 28.10 27.56 27.09 26.67 26.20 25.71 25.29 24.97 24.67 24.32 23.93 23.45 22.93 22.49 22.23 22.04 21.76 21.38 20.99 20.65 20.39 20.23 20.13 20.08 20.04 20.02 20.01 20.00
83.62 81.42 79.11 76.85 74.57 72.01 69.14 66.24 63.65 61.43 59.44 57.47 55.44 53.35 51.28 49.34 47.55 45.91 44.41 43.01 41.69 40.49 39.46 38.57 37.79 37.21 36.83 36.53 36.20 35.84 35.51 35.22 34.91 34.53 34.04 33.46 32.83 32.19 31.50 30.81 30.31 30.08 29.90 29.55 29.09 28.67 28.28 27.87 27.46 27.00 26.50 26.04 25.61 25.13 24.62 24.17 23.81 23.50 23.17 22.80 22.39 21.95 21.57 21.32 21.15 20.94 20.69 20.45 20.27 20.14 20.07 20.03 20.02 20.01 20.00 20.00 20.00
79.81 77.77 75.65 73.52 71.34 69.01 66.50 63.91 61.38 59.00 56.72 54.50 52.24 49.97 47.84 46.00 44.45 43.12 41.96 40.90 39.91 38.96 38.07 37.25 36.51 35.97 35.67 35.44 35.14 34.79 34.45 34.12 33.76 33.35 32.85 32.28 31.68 31.05 30.38 29.68 29.13 28.84 28.65 28.33 27.91 27.54 27.18 26.82 26.44 26.00 25.50 25.01 24.53 24.02 23.49 23.02 22.67 22.37 22.07 21.76 21.43 21.12 20.84 20.65 20.52 20.40 20.27 20.16 20.08 20.04 20.02 20.01 20.00 20.00 20.00 20.00 20.00
76.72 74.84 72.86 70.75 68.55 66.31 63.99 61.56 58.99 56.38 53.84 51.42 49.08 46.83 44.84 43.24 41.99 40.97 40.09 39.27 38.49 37.71 36.95 36.18 35.48 34.97 34.67 34.42 34.10 33.74 33.39 33.04 32.66 32.21 31.70 31.12 30.51 29.88 29.23 28.55 27.98 27.66 27.47 27.21 26.86 26.51 26.19 25.85 25.47 25.02 24.49 23.95 23.42 22.89 22.38 21.95 21.63 21.39 21.16 20.92 20.71 20.52 20.36 20.25 20.18 20.13 20.08 20.04 20.02 20.01 20.00 20.00 20.00 20.00 20.00 20.00 20.00
74.27 72.49 70.54 68.39 66.13 63.85 61.55 59.10 56.48 53.74 51.05 48.54 46.24 44.17 42.44 41.13 40.14 39.34 38.63 37.96 37.30 36.64 35.98 35.27 34.57 34.04 33.70 33.40 33.04 32.67 32.33 31.99 31.60 31.13 30.57 29.94 29.27 28.62 27.99 27.40 26.90 26.60 26.42 26.19 25.87 25.53 25.19 24.84 24.44 23.96 23.42 22.87 22.34 21.85 21.42 21.07 20.82 20.66 20.52 20.38 20.27 20.18 20.12 20.07 20.04 20.03 20.01 20.01 20.00 20.00 20.00 20.00 20.00 20.00 20.00 20.00 20.00
72.17 70.41 68.42 66.22 63.89 61.52 59.10 56.59 53.95 51.22 48.54 46.05 43.88 42.05 40.61 39.53 38.74 38.07 37.45 36.84 36.25 35.67 35.07 34.39 33.68 33.10 32.72 32.39 32.02 31.64 31.29 30.94 30.54 30.04 29.42 28.71 27.97 27.29 26.73 26.27 25.91 25.65 25.44 25.18 24.85 24.48 24.11 23.73 23.32 22.85 22.35 21.85 21.40 21.02 20.71 20.48 20.33 20.23 20.17 20.11 20.07 20.04 20.02 20.01 20.01 20.00 20.00 20.00 20.00 20.00 20.00 20.00 20.00 20.00 20.00 20.00 20.00
70.24 68.44 66.37 64.10 61.69 59.18 56.63 54.05 51.43 48.78 46.22 43.91 41.96 40.39 39.18 38.29 37.62 37.03 36.44 35.85 35.26 34.70 34.14 33.50 32.77 32.16 31.76 31.46 31.10 30.69 30.27 29.84 29.40 28.89 28.24 27.49 26.71 26.02 25.51 25.18 24.93 24.69 24.42 24.09 23.73 23.35 22.96 22.59 22.21 21.81 21.40 21.02 20.70 20.46 20.28 20.16 20.09 20.06 20.04 20.02 20.01 20.01 20.00 20.00 20.00 20.00 20.00 20.00 20.00 20.00 20.00 20.00 20.00 20.00 20.00 20.00 20.00
68.48 66.60 64.46 62.10 59.55 56.89 54.22 51.57 48.95 46.39 44.04 42.02 40.36 39.03 38.01 37.26 36.67 36.09 35.50 34.89 34.29 33.73 33.20 32.59 31.89 31.28 30.89 30.61 30.25 29.76 29.20 28.65 28.17 27.69 27.10 26.39 25.62 24.91 24.40 24.09 23.88 23.63 23.32 22.96 22.59 22.24 21.89 21.57 21.27 20.98 20.70 20.46 20.28 20.16 20.08 20.04 20.02 20.01 20.00 20.00 20.00 20.00 20.00 20.00 20.00 20.00 20.00 20.00 20.00 20.00 20.00 20.00 20.00 20.00 20.00 20.00 20.00
66.90 64.96 62.76 60.27 57.55 54.76 51.99 49.27 46.63 44.20 42.12 40.41 39.01 37.88 37.01 36.35 35.77 35.17 34.53 33.92 33.33 32.80 32.31 31.75 31.08 30.49 30.11 29.81 29.39 28.78 28.07 27.41 26.91 26.52 26.06 25.42 24.67 23.94 23.37 23.02 22.78 22.53 22.22 21.89 21.57 21.28 21.02 20.79 20.59 20.42 20.27 20.16 20.08 20.04 20.02 20.01 20.00 20.00 20.00 20.00 20.00 20.00 20.00 20.00 20.00 20.00 20.00 20.00 20.00 20.00 20.00 20.00 20.00 20.00 20.00 20.00 20.00
65.41 63.44 61.18 58.56 55.70 52.81 49.98 47.22 44.64 42.41 40.59 39.12 37.91 36.93 36.16 35.53 34.92 34.24 33.55 32.91 32.36 31.91 31.51 31.01 30.37 29.76 29.32 28.95 28.45 27.75 26.95 26.23 25.75 25.44 25.07 24.49 23.76 23.01 22.40 22.01 21.75 21.52 21.27 21.02 20.79 20.59 20.44 20.31 20.21 20.13 20.08 20.04 20.02 20.01 20.00 20.00 20.00 20.00 20.00 20.00 20.00 20.00 20.00 20.00 20.00 20.00 20.00 20.00 20.00 20.00 20.00 20.00 20.00 20.00 20.00 20.00 20.00
63.92 61.93 59.58 56.81 53.82 50.87 48.05 45.39 43.01 41.02 39.43 38.12 37.04 36.16 35.45 34.81 34.13 33.38 32.61 31.92 31.37 31.00 30.71 30.30 29.68 29.00 28.45 27.98 27.42 26.71 25.92 25.22 24.74 24.44 24.09 23.53 22.81 22.10 21.53 21.17 20.94 20.76 20.59 20.44 20.31 20.21 20.14 20.09 20.05 20.03 20.01 20.01 20.00 20.00 20.00 20.00 20.00 20.00 20.00 20.00 20.00 20.00 20.00 20.00 20.00 20.00 20.00 20.00 20.00 20.00 20.00 20.00 20.00 20.00 20.00 20.00 20.00
62.35 60.31 57.82 54.89 51.78 48.79 46.07 43.65 41.58 39.88 38.48 37.30 36.32 35.52 34.84 34.17 33.42 32.60 31.76 30.98 30.36 29.99 29.80 29.50 28.91 28.16 27.48 26.94 26.38 25.70 24.96 24.30 23.82 23.47 23.08 22.54 21.90 21.30 20.85 20.57 20.41 20.30 20.21 20.14 20.09 20.05 20.03 20.02 20.01 20.00 20.00 20.00 20.00 20.00 20.00 20.00 20.00 20.00 20.00 20.00 20.00 20.00 20.00 20.00 20.00 20.00 20.00 20.00 20.00 20.00 20.00 20.00 20.00 20.00 20.00 20.00 20.00
60.69 58.48 55.82 52.78 49.62 46.66 44.11 42.00 40.26 38.81 37.58 36.52 35.63 34.88 34.21 33.51 32.71 31.83 30.93 30.07 29.36 28.93 28.76 28.56 28.04 27.27 26.53 25.95 25.38 24.72 24.00 23.37 22.88 22.50 22.11 21.63 21.12 20.69 20.40 20.23 20.14 20.08 20.05 20.03 20.02 20.01 20.00 20.00 20.00 20.00 20.00 20.00 20.00 20.00 20.00 20.00 20.00 20.00 20.00 20.00 20.00 20.00 20.00 20.00 20.00 20.00 20.00 20.00 20.00 20.00 20.00 20.00 20.00 20.00 20.00 20.00 20.00
58.99 56.53 53.72 50.66 47.56 44.74 42.41 40.56 39.07 37.81 36.70 35.74 34.91 34.17 33.48 32.77 31.94 31.00 30.06 29.16 28.38 27.87 27.68 27.55 27.13 26.44 25.72 25.08 24.44 23.73 23.01 22.41 21.95 21.59 21.25 20.90 20.56 20.31 20.15 20.07 20.03 20.02 20.01 20.00 20.00 20.00 20.00 20.00 20.00 20.00 20.00 20.00 20.00 20.00 20.00 20.00 20.00 20.00 20.00 20.00 20.00 20.00 20.00 20.00 20.00 20.00 20.00 20.00 20.00 20.00 20.00 20.00 20.00 20.00 20.00 20.00 20.00
57.34 54.67 51.80 48.78 45.82 43.19 41.08 39.43 38.08 36.91 35.88 34.96 34.13 33.36 32.67 31.98 31.17 30.21 29.22 28.29 27.46 26.88 26.63 26.54 26.26 25.71 25.01 24.29 23.53 22.76 22.07 21.53 21.15 20.86 20.63 20.41 20.23 20.11 20.04 20.02 20.01 20.00 20.00 20.00 20.00 20.00 20.00 20.00 20.00 20.00 20.00 20.00 20.00 20.00 20.00 20.00 20.00 20.00 20.00 20.00 20.00 20.00 20.00 20.00 20.00 20.00 20.00 20.00 20.00 20.00 20.00 20.00 20.00 20.00 20.00 20.00 20.00
55.83 53.08 50.22 47.29 44.47 42.02 40.07 38.53 37.24 36.11 35.08 34.17 33.32 32.54 31.87 31.25 30.50 29.54 28.50 27.53 26.64 25.97 25.64 25.56 25.40 24.96 24.28 23.48 22.65 21.88 21.28 20.86 20.58 20.39 20.25 20.15 20.07 20.03 20.01 20.00 20.00 20.00 20.00 20.00 20.00 20.00 20.00 20.00 20.00 20.00 20.00 20.00 20.00 20.00 20.00 20.00 20.00 20.00 20.00 20.00 20.00 20.00 20.00 20.00 20.00 20.00 20.00 20.00 20.00 20.00 20.00 20.00 20.00 20.00 20.00 20.00 20.00
54.42 51.71 48.95 46.14 43.47 41.14 39.26 37.76 36.50 35.36 34.31 33.37 32.53 31.79 31.18 30.61 29.90 28.96 27.92 26.91 25.95 25.16 24.70 24.55 24.44 24.09 23.44 22.63 21.83 21.17 20.71 20.42 20.25 20.14 20.08 20.04 20.02 20.01 20.00 20.00 20.00 20.00 20.00 20.00 20.00 20.00 20.00 20.00 20.00 20.00 20.00 20.00 20.00 20.00 20.00 20.00 20.00 20.00 20.00 20.00 20.00 20.00 20.00 20.00 20.00 20.00 20.00 20.00 20.00 20.00 20.00 20.00 20.00 20.00 20.00 20.00 20.00
53.02 50.44 47.82 45.18 42.68 40.45 38.61 37.12 35.86 34.72 33.64 32.66 31.82 31.13 30.56 30.00 29.30 28.40 27.40 26.39 25.39 24.48 23.83 23.53 23.37 23.07 22.50 21.80 21.15 20.66 20.34 20.17 20.09 20.04 20.02 20.01 20.00 20.00 20.00 20.00 20.00 20.00 20.00 20.00 20.00 20.00 20.00 20.00 20.00 20.00 20.00 20.00 20.00 20.00 20.00 20.00 20.00 20.00 20.00 20.00 20.00 20.00 20.00 20.00 20.00 20.00 20.00 20.00 20.00 20.00 20.00 20.00 20.00 20.00 20.00 20.00 20.00
51.61 49.17 46.69 44.23 41.91 39.83 38.07 36.62 35.38 34.22 33.11 32.09 31.21 30.51 29.95 29.39 28.70 27.84 26.89 25.91 24.91 23.93 23.10 22.58 22.30 22.03 21.61 21.10 20.64 20.33 20.15 20.06 20.02 20.01 20.00 20.00 20.00 20.00 20.00 20.00 20.00 20.00 20.00 20.00 20.00 20.00 20.00 20.00 20.00 20.00 20.00 20.00 20.00 20.00 20.00 20.00 20.00 20.00 20.00 20.00 20.00 20.00 20.00 20.00 20.00 20.00 20.00 20.00 20.00 20.00 20.00 20.00 20.00 20.00 20.00 20.00 20.00
50.25 47.92 45.54 43.21 41.06 39.15 37.54 36.17 34.93 33.76 32.63 31.57 30.65 29.93 29.38 28.85 28.17 27.33 26.41 25.47 24.52 23.53 22.60 21.89 21.46 21.19 20.91 20.59 20.32 20.14 20.05 20.02 20.00 20.00 20.00 20.00 20.00 20.00 20.00 20.00 20.00 20.00 20.00 20.00 20.00 20.00 20.00 20.00 20.00 20.00 20.00 20.00 20.00 20.00 20.00 20.00 20.00 20.00 20.00 20.00 20.00 20.00 20.00 20.00 20.00 20.00 20.00 20.00 20.00 20.00 20.00 20.00 20.00 20.00 20.00 20.00 20.00
49.01 46.73 44.41 42.17 40.14 38.39 36.91 35.59 34.34 33.16 32.03 30.99 30.10 29.42 28.90 28.37 27.70 26.86 25.94 25.05 24.17 23.24 22.29 21.48 20.94 20.65 20.45 20.28 20.14 20.05 20.02 20.00 20.00 20.00 20.00 20.00 20.00 20.00 20.00 20.00 20.00 20.00 20.00 20.00 20.00 20.00 20.00 20.00 20.00 20.00 20.00 20.00 20.00 20.00 20.00 20.00 20.00 20.00 20.00 20.00 20.00 20.00 20.00 20.00 20.00 20.00 20.00 20.00 20.00 20.00 20.00 20.00 20.00 20.00 20.00 20.00 20.00
47.85 45.62 43.34 41.17 39.24 37.59 36.15 34.82 33.55 32.36 31.28 30.33 29.55 28.95 28.43 27.85 27.14 26.30 25.42 24.59 23.77 22.90 22.00 21.21 20.67 20.37 20.21 20.12 20.05 20.02 20.00 20.00 20.00 20.00 20.00 20.00 20.00 20.00 20.00 20.00 20.00 20.00 20.00 20.00 20.00 20.00 20.00 20.00 20.00 20.00 20.00 20.00 20.00 20.00 20.00 20.00 20.00 20.00 20.00 20.00 20.00 20.00 20.00 20.00 20.00 20.00 20.00 20.00 20.00 20.00 20.00 20.00 20.00 20.00 20.00 20.00 20.00
46.63 44.47 42.30 40.24 38.40 36.79 35.36 34.00 32.71 31.55 30.54 29.69 29.02 28.46 27.89 27.21 26.43 25.60 24.77 23.98 23.20 22.39 21.59 20.92 20.47 20.22 20.10 20.04 20.02 20.00 20.00 20.00 20.00 20.00 20.00 20.00 20.00 20.00 20.00 20.00 20.00 20.00 20.00 20.00 20.00 20.00 20.00 20.00 20.00 20.00 20.00 20.00 20.00 20.00 20.00 20.00 20.00 20.00 20.00 20.00 20.00 20.00 20.00 20.00 20.00 20.00 20.00 20.00 20.00 20.00 20.00 20.00 20.00 20.00 20.00 20.00 20.00
45.32 43.28 41.27 39.38 37.64 36.08 34.64 33.27 32.01 30.92 29.99 29.22 28.58 27.97 27.28 26.48 25.64 24.80 24.00 23.23 22.47 21.74 21.09 20.60 20.29 20.12 20.04 20.01 20.00 20.00 20.00 20.00 20.00 20.00 20.00 20.00 20.00 20.00 20.00 20.00 20.00 20.00 20.00 20.00 20.00 20.00 20.00 20.00 20.00 20.00 20.00 20.00 20.00 20.00 20.00 20.00 20.00 20.00 20.00 20.00 20.00 20.00 20.00 20.00 20.00 20.00 20.00 20.00 20.00 20.00 20.00 20.00 20.00 20.00 20.00 20.00 20.00
44.05 42.13 40.31 38.59 36.97 35.48 34.06 32.72 31.53 30.52 29.65 28.90 28.19 27.46 26.63 25.75 24.86 23.99 23.16 22.40 21.71 21.11 20.64 20.32 20.14 20.05 20.02 20.00 20.00 20.00 20.00 20.00 20.00 20.00 20.00 20.00 20.00 20.00 20.00 20.00 20.00 20.00 20.00 20.00 20.00 20.00 20.00 20.00 20.00 20.00 20.00 20.00 20.00 20.00 20.00 20.00 20.00 20.00 20.00 20.00 20.00 20.00 20.00 20.00 20.00 20.00 20.00 20.00 20.00 20.00 20.00 20.00 20.00 20.00 20.00 20.00 20.00
42.98 41.18 39.50 37.91 36.40 34.96 33.57 32.27 31.14 30.20 29.38 28.57 27.72 26.82 25.89 24.98 24.08 23.19 22.36 21.65 21.07 20.63 20.32 20.14 20.05 20.02 20.00 20.00 20.00 20.00 20.00 20.00 20.00 20.00 20.00 20.00 20.00 20.00 20.00 20.00 20.00 20.00 20.00 20.00 20.00 20.00 20.00 20.00 20.00 20.00 20.00 20.00 20.00 20.00 20.00 20.00 20.00 20.00 20.00 20.00 20.00 20.00 20.00 20.00 20.00 20.00 20.00 20.00 20.00 20.00 20.00 20.00 20.00 20.00 20.00 20.00 20.00
42.19 40.46 38.86 37.34 35.89 34.49 33.11 31.82 30.72 29.82 28.99 28.08 27.04 25.98 24.99 24.11 23.25 22.41 21.64 21.03 20.60 20.31 20.14 20.05 20.02 20.00 20.00 20.00 20.00 20.00 20.00 20.00 20.00 20.00 20.00 20.00 20.00 20.00 20.00 20.00 20.00 20.00 20.00 20.00 20.00 20.00 20.00 20.00 20.00 20.00 20.00 20.00 20.00 20.00 20.00 20.00 20.00 20.00 20.00 20.00 20.00 20.00 20.00 20.00 20.00 20.00 20.00 20.00 20.00 20.00 20.00 20.00 20.00 20.00 20.00 20.00 20.00
41.69 39.98 38.38 36.88 35.46 34.07 32.71 31.42 30.32 29.40 28.51 27.46 26.27 25.09 24.07 23.21 22.43 21.69 21.04 20.58 20.29 20.13 20.05 20.02 20.00 20.00 20.00 20.00 20.00 20.00 20.00 20.00 20.00 20.00 20.00 20.00 20.00 20.00 20.00 20.00 20.00 20.00 20.00 20.00 20.00 20.00 20.00 20.00 20.00 20.00 20.00 20.00 20.00 20.00 20.00 20.00 20.00 20.00 20.00 20.00 20.00 20.00 20.00 20.00 20.00 20.00 20.00 20.00 20.00 20.00 20.00 20.00 20.00 20.00 20.00 20.00 20.00
41.39 39.68 38.05 36.53 35.10 33.74 32.42 31.17 30.06 29.06 28.05 26.90 25.64 24.42 23.38 22.52 21.77 21.11 20.60 20.28 20.12 20.04 20.01 20.00 20.00 20.00 20.00 20.00 20.00 20.00 20.00 20.00 20.00 20.00 20.00 20.00 20.00 20.00 20.00 20.00 20.00 20.00 20.00 20.00 20.00 20.00 20.00 20.00 20.00 20.00 20.00 20.00 20.00 20.00 20.00 20.00 20.00 20.00 20.00 20.00 20.00 20.00 20.00 20.00 20.00 20.00 20.00 20.00 20.00 20.00 20.00 20.00 20.00 20.00 20.00 20.00 20.00
41.13 39.41 37.76 36.21 34.77 33.43 32.18 31.01 29.90 28.81 27.68 26.49 25.25 24.06 23.01 22.11 21.35 20.74 20.34 20.12 20.04 20.01 20.00 20.00 20.00 20.00 20.00 20.00 20.00 20.00 20.00 20.00 20.00 20.00 20.00 20.00 20.00 20.00 20.00 20.00 20.00 20.00 20.00 20.00 20.00 20.00 20.00 20.00 20.00 20.00 20.00 20.00 20.00 20.00 20.00 20.00 20.00 20.00 20.00 20.00 20.00 20.00 20.00 20.00 20.00 20.00 20.00 20.00 20.00 20.00 20.00 20.00 20.00 20.00 20.00 20.00 20.00
