Final Tests/testGrid.grd
ncols 257
nrows 257
xllcorner 0
yllcorner 0
cellsize 10
[rows 90 to 119 of 257, columns 134 to 200 of 257]
328.342 326.252 324.162 325.746 327.329 326.569 325.809 324.767 323.725 322.027 320.33 323.996 327.662 324.837 322.012 322.36 322.708 317.146 311.584 309.575 307.566 304.315 301.065 298.333 295.601 290.018 284.435 285.214 285.993 283.762 281.53 280.414 279.298 277.501 275.704 276.462 277.22 273.141 269.062 270.163 271.263 265.282 259.301 261.364 263.426 260.367 257.308 255.473 253.638 248.778 243.917 241.962 240.006 236.906 233.806 233.872 233.938 228.656 223.375 224.273 225.171 224.706 224.241 227.843 231.445 227.144 222.843
325.62 330.674 323.979 326.786 326.678 328.578 327.033 326.104 323.543 322.369 319.398 322.66 325.016 326.888 324.143 322.895 320.387 320.196 310.721 311.844 307.631 306.825 303.299 302.139 296.43 293.26 286.71 287.282 286.746 286.52 283.773 283.482 280.453 280.071 276.453 277.81 275.879 274.403 270.468 270.951 268.676 264.75 259.803 262.901 262.688 263.709 260.451 257.339 253.739 251.815 244.002 245.374 239.669 237.107 234.193 234.148 231.721 228.022 223.903 229.51 224.729 224.729 224.192 225.661 226.589 226.131 221.083
322.897 323.346 323.795 324.911 326.026 327.141 328.256 325.809 323.361 320.913 318.465 320.417 322.369 324.321 326.273 322.17 318.066 313.963 309.859 308.778 307.696 306.615 305.533 301.396 297.259 293.122 288.985 288.242 287.5 286.757 286.015 283.812 281.609 279.405 277.202 275.87 274.538 273.205 271.873 268.981 266.089 263.197 260.305 261.127 261.95 262.772 263.594 258.717 253.841 248.964 244.087 241.71 239.333 236.956 234.579 232.042 229.505 226.967 224.43 224.358 224.286 224.214 224.142 222.938 221.733 220.528 219.324
326.08 326.012 323.612 327.269 325.31 328.859 325.917 325.314 322.151 320.343 317.533 322.961 321.564 322.009 322.348 321.201 317.723 314.204 308.997 308.751 307.358 308.317 304.712 304.478 298.373 295.502 291.259 290.943 290.547 289.098 286.796 286.304 284.662 283.349 277.951 279.654 278.127 278.975 271.718 269.946 267.138 265.807 260.807 264.306 261.656 263.955 261.038 261.22 259.31 251.843 244.172 244.355 243.515 241.339 234.805 237.166 231.111 228.101 224.958 227.618 225.912 227.239 222.96 224.976 225.009 222.879 217.564
329.262 326.345 323.428 324.011 324.594 324.086 323.577 322.259 320.94 318.77 316.6 318.679 320.758 319.591 318.423 317.901 317.379 312.757 308.134 307.577 307.02 305.455 303.89 301.688 299.486 296.51 293.534 293.564 293.594 290.586 287.578 287.646 287.715 283.208 278.7 280.208 281.716 276.64 271.564 269.875 268.187 264.748 261.309 261.336 261.363 259.922 258.482 261.631 264.78 254.518 244.257 245.977 247.698 241.364 235.031 233.874 232.718 229.102 225.486 226.511 227.537 224.657 221.778 225.032 228.285 222.045 215.805
327.203 325.707 323.245 324.735 322.787 322.748 321.238 322.813 318.879 318.431 315.668 318.28 316.706 322.389 314.498 317.849 312.935 311.387 307.272 308.827 305.674 308.551 303.068 301.607 299.826 299.05 295.809 294.866 293.603 291.045 288.359 287.685 286.192 285.455 279.449 283.372 278.721 276.373 271.41 271.01 267.485 266.884 261.81 262.505 259.602 260.06 255.926 261.851 256.839 253.733 244.342 247.991 243.826 239.776 235.257 236.123 231.865 229.824 226.013 231.151 225.257 224.712 220.596 222.091 222.068 218.242 214.046
325.143 324.102 323.062 322.021 320.98 319.939 318.899 317.858 316.817 315.776 314.736 313.695 312.654 311.613 310.573 309.532 308.491 307.45 306.41 305.369 304.328 303.287 302.247 301.206 300.165 299.124 298.084 295.848 293.612 291.377 289.141 286.905 284.669 282.434 280.198 277.962 275.727 273.491 271.255 269.019 266.784 264.548 262.312 260.077 257.841 255.605 253.369 251.134 248.898 246.662 244.427 242.191 239.955 237.719 235.484 233.248 231.012 228.777 226.541 224.759 222.977 221.195 219.413 217.632 215.85 214.068 212.286
332.133 331.539 327.688 327.318 326.885 326.118 323.82 326.761 325.223 323.704 316.735 320.995 318.498 316.697 313.299 314.575 311.703 314.228 309.314 313.82 312.173 311.61 306.956 308.15 307.662 304.497 299.164 303.913 296.114 297.611 292.23 293.387 289.177 288.104 283.336 283.381 281.2 280.319 277.653 277.418 271.552 269.567 264.526 265.33 264.623 261.885 256.854 255.239 253.414 250.478 246.816 246.022 242.511 240.558 238.09 235.864 232.673 236.569 227.068 230.87 225.797 228.122 222.187 222.734 218.516 216.517 213.301
339.122 335.719 332.315 332.552 332.789 330.766 328.742 331.185 333.628 326.181 318.734 321.538 324.342 320.183 316.024 315.47 314.915 313.567 312.219 316.118 320.018 315.842 311.666 313.413 315.159 307.701 300.243 299.43 298.616 296.968 295.32 294.502 293.685 290.08 286.474 286.574 286.674 285.363 284.051 280.185 276.32 271.53 266.74 269.073 271.405 265.872 260.339 259.135 257.931 253.568 249.206 247.136 245.066 242.881 240.696 237.515 234.334 230.965 227.596 228.106 228.617 226.788 224.96 223.071 221.183 217.749 214.315
341.649 340.78 336.942 340.23 336.433 336.108 333.664 333.276 332.144 327.793 320.733 323.061 323.223 321.074 318.75 323.365 317.334 318.081 315.123 317.467 319.787 319.284 316.375 318.639 313.452 309.951 301.323 302.463 300.283 300.485 298.409 301.788 295.405 293.584 289.612 295.349 290.736 291.414 290.449 290.247 280.164 276.374 268.954 272.544 270.322 268.276 263.824 266.6 259.289 255.585 251.596 250.25 247.507 245.65 243.303 244.229 235.807 232.481 228.124 229.63 229.098 235.732 227.733 226.328 222.304 220.498 215.33
344.176 342.872 341.569 340.823 340.077 339.332 338.586 334.622 330.659 326.695 322.732 322.418 322.104 321.79 321.476 320.614 319.752 318.89 318.028 318.792 319.556 320.321 321.085 316.415 311.744 307.073 302.403 302.177 301.951 301.724 301.498 299.311 297.124 294.937 292.75 293.774 294.798 295.823 296.847 290.427 284.007 277.588 271.168 270.203 269.238 268.273 267.308 263.978 260.647 257.316 253.986 251.966 249.947 247.928 245.909 241.595 237.28 232.966 228.651 229.115 229.579 230.042 230.506 226.965 223.425 219.885 216.344
350.487 349.18 346.195 349.448 345.561 343.145 340.29 338.431 333.803 332.245 324.731 328.157 325.125 326.6 323.654 326.455 323.554 323.635 320.932 326.366 322.686 326.619 320.36 317.236 312.215 308.787 303.483 304.5 304.513 307.072 302.627 302.973 301.886 299.578 295.888 298.31 297.006 298.652 295.801 292.34 285.786 283.664 273.382 274.931 272.907 272.139 268.427 267.89 266.509 263.679 256.375 255.584 252.227 249.656 246.22 244.893 241.081 237.424 229.179 236.925 232.773 232.584 229.275 227.532 224.792 221.845 217.359
356.798 353.81 350.822 350.933 351.044 346.519 341.994 339.471 336.948 331.839 326.73 327.438 328.145 326.988 325.831 326.594 327.357 325.597 323.837 324.826 325.816 322.725 319.635 316.16 312.686 308.624 304.563 305.819 307.075 305.415 303.755 305.201 306.647 302.837 299.026 299.12 299.213 296.984 294.755 291.159 287.564 281.58 275.596 276.086 276.576 273.061 269.546 270.958 272.37 265.568 258.765 256.636 254.506 250.519 246.531 245.706 244.882 237.294 229.707 232.837 235.967 232.006 228.044 227.101 226.158 222.266 218.374
357.678 357.417 355.449 354.445 351.891 348.151 343.698 341.454 337.506 337.638 328.729 331.411 329.301 330.38 328.009 330.362 328.637 331.619 326.741 327.211 324.865 323.984 318.909 316.264 312.569 311.911 305.642 307.573 306.721 308.583 304.884 308.432 306.152 305.441 302.164 303.487 299.098 297.302 293.709 291.884 286.954 283.996 277.81 277.454 276.24 276.057 270.665 271.873 270.017 265.928 261.155 261.29 254.928 252.731 246.842 245.099 241.92 237.754 230.234 234.431 232.07 230.683 226.813 226.709 224.575 223.161 219.388
358.558 359.317 360.076 356.407 352.739 349.07 345.402 341.733 338.065 334.396 330.728 330.593 330.457 330.322 330.187 330.051 329.916 329.781 329.646 326.78 323.915 321.049 318.184 315.318 312.453 309.588 306.722 306.545 306.367 306.19 306.012 305.835 305.657 305.48 305.302 302.143 298.983 295.823 292.663 289.504 286.344 283.184 280.024 277.964 275.904 273.844 271.784 269.725 267.665 265.605 263.545 259.447 255.349 251.251 247.153 243.055 238.958 234.86 230.762 229.467 228.172 226.877 225.582 224.287 222.992 221.698 220.403
360.841 366.205 360.275 361.019 356.091 355.874 347.904 345.702 340.352 337.014 332.727 334.334 333.603 333.952 333.329 333.878 333.53 336.647 329.82 328.574 326.382 324.989 319.046 322.38 319.875 316.521 307.802 310.782 308.472 312.12 307.975 309.806 308.767 309.838 305.458 305.795 300.237 298.974 294.571 297.171 289.279 289.381 282.238 285.44 282.829 283.737 277.271 277.767 273.001 270.94 263.897 261.525 257.672 259.316 247.702 246.293 239.873 236.408 231.289 233.607 229.616 228.537 227.348 228.252 224.404 225.24 221.156
363.125 361.799 360.474 359.959 359.444 354.925 350.407 346.523 342.64 338.683 334.726 335.738 336.749 336.61 336.471 336.807 337.143 333.569 329.994 329.422 328.849 324.379 319.908 323.602 327.297 318.089 308.882 309.73 310.577 310.258 309.939 310.908 311.877 308.745 305.614 303.553 301.492 298.985 296.479 294.347 292.215 288.334 284.452 287.103 289.753 286.255 282.757 280.547 278.337 271.293 264.248 262.122 259.995 254.122 248.25 244.519 240.789 236.303 231.817 231.438 231.059 230.087 229.114 227.464 225.815 223.862 221.908
362.755 364.996 360.673 363.922 358.793 360.088 352.909 349.851 344.854 346.616 336.725 340.163 338.745 340.776 339.614 338.856 336.846 334.603 330.169 328.985 327.418 324.405 320.77 324.081 321.817 317.667 309.962 312.382 311.515 314.038 311.902 312.995 310.886 311.129 305.77 306.176 302.301 300.708 298.387 296.856 293.401 292.154 286.666 290.429 290.529 291.162 288.243 288.312 278.839 277.03 264.6 261.969 258.572 255.018 248.798 245.367 240.949 242.461 232.345 234.148 231.909 235.868 230.88 229.329 226.922 224.857 222.661
362.385 361.629 360.873 359.507 358.142 356.777 355.412 351.24 347.068 342.896 338.724 339.732 340.74 341.748 342.756 339.653 336.55 333.446 330.343 328.165 325.987 323.809 321.631 318.984 316.336 313.689 311.041 311.747 312.453 313.159 313.865 311.88 309.895 307.91 305.925 304.518 303.11 301.702 300.294 297.441 294.587 291.734 288.88 290.093 291.305 292.517 293.729 286.535 279.341 272.146 264.952 261.051 257.149 253.248 249.347 245.228 241.109 236.991 232.872 232.816 232.759 232.703 232.646 230.338 228.03 225.722 223.414
365.28 367.966 361.072 360.849 360.223 358.049 355.108 354.019 349.411 346.031 340.723 342.027 342.416 344.363 341.787 340.552 337.086 336.585 330.517 330.483 328.393 329.557 322.024 320.44 317.251 316.305 312.121 317.78 313.206 313.639 313.138 313.863 312.744 309.525 306.081 308.155 303.86 302.444 300.756 301.427 297.841 294.916 291.094 292.939 292.207 297.84 290.809 289.01 278.239 272.75 265.304 263.016 258.541 259.964 249.678 246.903 243.396 239.131 233.4 233.417 233.373 233.073 232.161 231.399 228.985 226.974 224.167
368.175 364.723 361.271 361.788 362.305 358.554 354.803 353.279 351.754 347.238 342.722 343.407 344.091 342.455 340.818 339.22 337.621 334.157 330.692 330.746 330.799 326.608 322.416 320.29 318.165 315.683 313.201 313.58 313.959 313.184 312.41 314.001 315.592 310.915 306.237 305.424 304.611 302.914 301.218 301.157 301.095 297.202 293.308 293.209 293.109 290.499 287.889 282.513 277.137 271.396 265.656 262.794 259.933 254.971 250.009 247.846 245.683 239.805 233.928 233.957 233.987 232.831 231.675 230.808 229.941 227.43 224.92
366.791 366.111 361.47 361.967 360.118 358.787 354.499 353.636 351.106 349.673 344.721 344.391 343.446 346.144 339.849 338.201 336.291 336.839 330.866 331.59 328.96 326.201 322.808 320.875 318.723 318.491 314.281 321.625 313.558 313.095 311.682 313.541 312.172 309.45 306.393 312.847 304.478 305.478 301.68 303.247 300.517 299.962 295.522 298.243 291.501 291.067 284.968 281.283 275.67 275.373 266.008 265.326 259.224 255.974 250.34 251.217 244.255 240.231 234.455 238.055 233.415 236.222 231.19 233.103 229.253 230.895 225.673
365.407 363.538 361.669 359.801 357.932 356.064 354.195 352.326 350.458 348.589 346.72 344.76 342.8 340.84 338.88 336.92 334.96 333 331.04 329.08 327.12 325.16 323.201 321.241 319.281 317.321 315.361 314.259 313.158 312.056 310.955 309.853 308.751 307.65 306.548 305.447 304.345 303.244 302.142 301.041 299.939 298.838 297.736 293.814 289.892 285.97 282.048 278.126 274.204 270.282 266.36 262.438 258.515 254.593 250.671 246.749 242.827 238.905 234.983 233.913 232.844 231.774 230.704 229.635 228.565 227.495 226.426
370.764 370.573 365.15 365.014 363.126 362.877 359.805 359.586 358.671 356.261 348.628 351.354 349.007 345.744 341.385 342.805 338.101 339.497 333.644 334.403 330.89 329.835 325.352 330.518 322.251 319.552 316.44 326.131 316.589 318.168 314.701 315.679 312.802 314.893 309.508 311.579 307.982 307.234 305.25 304.34 302.979 302.776 297.13 298.034 292.836 289.659 285.668 284.984 278.07 274.716 267.51 269.017 265.016 263.07 254.232 253.316 246.038 241.728 235.511 235.836 235.792 238.636 231.805 232.204 230.433 229.077 226.39
376.122 372.376 368.631 368.475 368.319 366.867 365.415 366.15 366.884 358.71 350.536 352.875 355.214 349.551 343.889 342.565 341.242 338.744 336.247 335.453 334.659 331.081 327.503 326.363 325.222 321.371 317.52 318.771 320.021 319.234 318.448 317.65 316.853 314.661 312.468 312.043 311.619 309.988 308.357 307.188 306.019 301.271 296.523 296.151 295.779 292.534 289.289 285.612 281.935 275.297 268.659 270.088 271.517 264.655 257.793 253.521 249.249 242.644 236.038 237.389 238.74 235.823 232.905 232.603 232.301 229.328 226.354
380.151 376.553 372.111 378.051 372.217 371.893 371.026 369.219 366.189 360.568 352.443 357.934 353.419 351.478 346.393 345.981 343.209 345.523 338.85 341.214 335.644 333.315 329.655 328.77 325.482 324.311 318.6 323.357 321.416 327.237 322.194 324.26 319.509 320.265 315.427 316.174 314.049 313.584 311.465 316.868 305.48 301.507 295.917 297.058 295.849 297.303 292.909 289.305 282.84 278.232 269.809 272.229 269.727 266.001 261.354 257.08 250.127 245.383 236.566 240.12 237.42 240.85 234.006 233.245 231.498 229.548 226.319
384.18 379.886 375.592 375.853 376.114 376.375 376.636 371.065 365.494 359.922 354.351 352.988 351.624 350.261 348.898 347.037 345.176 343.314 341.453 339.042 336.63 334.218 331.806 328.774 325.743 322.711 319.68 321.245 322.81 324.375 325.941 324.052 322.164 320.275 318.387 317.433 316.48 315.526 314.572 309.757 304.941 300.126 295.31 295.615 295.92 296.225 296.529 290.137 283.744 277.352 270.959 269.448 267.937 266.426 264.915 257.96 251.004 244.049 237.093 236.597 236.1 235.603 235.107 232.901 230.695 228.489 226.283
387.866 384.184 379.072 380.136 378.145 379.636 376.414 373.797 366.596 362.113 356.259 357.034 356.963 360.171 350.904 350.754 348.399 351.88 344.057 344.691 340.778 339.505 333.338 330.909 327.492 327.253 320.76 324.726 324.06 327.119 326.233 327.379 323.889 324.554 321.347 321.528 319.123 319.962 313.818 311.938 306.175 301.454 294.703 297.269 296.204 296.222 293.452 291.453 283.907 279.866 272.109 271.365 268.363 267.098 263.032 257.772 252.261 245.297 237.621 239.283 237.754 238.481 234.498 235.826 231.952 229.272 226.247
391.553 387.053 382.553 381.365 380.176 378.184 376.192 371.946 367.699 362.933 358.167 360.234 362.302 357.606 352.911 352.266 351.622 349.141 346.66 345.793 344.926 339.898 334.869 332.055 329.241 325.54 321.839 323.575 325.31 325.918 326.526 326.07 325.614 324.96 324.306 323.036 321.766 317.415 313.064 310.236 307.409 300.753 294.097 295.293 296.489 293.432 290.375 287.222 284.069 278.664 273.259 271.024 268.789 264.969 261.148 257.333 253.517 245.833 238.149 238.778 239.407 236.648 233.889 233.549 233.209 229.71 226.211
391.748 390.455 386.033 388.722 381.404 382.63 375.97 373.768 368.282 366.909 360.074 364.554 360.877 358.522 354.918 354.47 353.008 355.73 349.263 347.233 344.913 342.92 336.401 334.593 330.103 327.139 322.919 329.059 325.433 327.288 326.819 327.579 327.141 328.085 327.266 327.122 321.328 320.484 312.309 310.512 304.814 303.321 293.49 296.463 292.521 291.132 287.298 288.004 281.98 279.125 274.409 271.237 267.63 264.909 259.265 257.106 250.905 249.363 238.676 239.674 237.673 237.811 233.281 233.754 231.307 229.162 226.176
