Final Tests/testGrid2.grd
ncols 257
nrows 257
xllcorner 0
yllcorner 0
cellsize 10
[rows 180 to 209 of 257, columns 67 to 133 of 257]
2917.87 2947.04 2933.51 2919.98 2906.45 2892.92 2899.7 2906.48 2913.25 2920.03 2924.47 2928.9 2933.34 2937.78 2937.05 2936.31 2935.58 2934.85 2933.3 2931.76 2930.21 2928.67 2928.57 2928.46 2928.36 2928.26 2892.59 2856.92 2821.25 2785.58 2823.8 2862.03 2900.25 2938.48 2919.17 2899.85 2880.54 2861.23 2877.98 2894.73 2911.48 2928.22 2899.59 2870.95 2842.31 2813.67 2822.1 2830.53 2838.96 2847.39 2829.6 2811.8 2794 2776.21 2764.69 2753.18 2741.67 2730.15 2699.49 2668.83 2638.17 2607.52 2639.54 2671.56 2703.57 2735.59 2760.9
2963.25 2932.41 2961.01 2936.62 2954.6 2894.6 2906.68 2910.64 2917.74 2913.29 2935.62 2925.52 2948.82 2924.96 2964.4 2973.73 2955.59 2929.26 2973.39 3001.2 2970.18 2931.13 2952.72 2925.49 2922.68 2903.83 2886.11 2862.99 2819.54 2769.82 2887.23 2845.31 2915.24 2897.16 2924.35 2896.31 2890.26 2851.89 2870.76 2869.5 2887.35 2884 2933.78 2844.29 2830.38 2779.95 2827.02 2811.58 2860.56 2809.15 2846.83 2810.08 2808.7 2759.67 2792.41 2743.85 2746.68 2696.23 2699.83 2641.98 2624.52 2575.35 2623.38 2648.01 2711.65 2700.61 2749.07
2941.92 2917.78 2935.52 2953.27 2924.78 2896.29 2905.54 2914.8 2910.68 2906.56 2914.35 2922.14 2917.14 2912.15 2961.65 3011.16 2967.42 2923.68 2997.16 3070.64 3002.12 2933.6 2928.06 2922.52 2900.96 2879.4 2874.23 2869.06 2811.56 2754.06 2791.33 2828.6 2842.22 2855.85 2874.31 2892.77 2867.66 2842.56 2843.42 2844.28 2842.03 2839.78 2828.71 2817.64 2781.93 2746.23 2769.43 2792.63 2781.77 2770.91 2789.63 2808.36 2775.75 2743.14 2738.83 2734.52 2698.41 2662.31 2638.72 2615.13 2579.16 2543.19 2583.83 2624.47 2645.05 2665.63 2725.95
2977.96 2903.15 2921 2923.68 2930.78 2897.97 2904.5 2905.58 2938.79 2899.82 2961.36 2905.97 2950.38 2899.33 2942.05 2955.34 2948.78 2918.1 2982.92 2998.08 2988.28 2936.06 2931.06 2903.53 2916.58 2854.97 2845.52 2822.8 2794.26 2738.31 2786.2 2788.24 2875.19 2814.53 2878.51 2845.66 2849.6 2833.22 2891.83 2815.95 2812.28 2795.56 2792.63 2766.35 2751.9 2712.51 2728.44 2739.62 2740.65 2732.67 2750.82 2755.3 2757.19 2726.6 2716.38 2693.39 2677.69 2628.39 2611.63 2575.9 2594.58 2511.03 2571.67 2580.87 2613.07 2630.65 2684.09
2885.74 2888.52 2891.31 2894.09 2896.87 2899.66 2898.01 2896.37 2894.73 2893.08 2891.44 2889.8 2888.16 2886.51 2893.01 2899.51 2906.02 2912.52 2919.02 2925.52 2932.02 2938.52 2911.52 2884.53 2857.53 2830.54 2803.54 2776.55 2749.55 2722.55 2735.22 2747.89 2760.55 2773.22 2785.89 2798.55 2811.22 2823.89 2805.75 2787.61 2769.48 2751.34 2733.2 2715.07 2696.93 2678.79 2682.7 2686.61 2690.52 2694.43 2698.34 2702.24 2706.15 2710.06 2681.16 2652.26 2623.36 2594.46 2565.57 2536.67 2507.77 2478.87 2508.07 2537.26 2566.46 2595.66 2624.86
2934.74 2913.36 2958.64 2925.8 2918.44 2896.91 2936.63 2910.64 2938.96 2901.3 2922.05 2918.86 2914.62 2873.7 2903.41 2888.36 2904.9 2896.8 2941.63 2902.97 2923.69 2907.49 2965.76 2911.95 2899.94 2816.29 2832.68 2786.08 2826.78 2706.8 2724.77 2742.67 2786.32 2768.89 2788.25 2792.82 2790.47 2783.75 2778.79 2765.55 2769.56 2722.57 2747.19 2708.43 2693.66 2645.07 2655.17 2661.23 2665.36 2656.51 2686.38 2660.78 2701.03 2660.72 2661.75 2622.89 2630.73 2580.08 2564.67 2522.82 2506.97 2446.71 2495.6 2535.88 2635.96 2606.43 2648.25
2945.54 2938.21 2947.86 2957.51 2925.84 2894.17 2909.54 2924.91 2917.21 2909.52 2928.72 2947.92 2904.4 2860.88 2869.04 2877.2 2879.14 2881.08 2880.75 2880.42 2878.43 2876.45 2907.91 2939.37 2870.71 2802.05 2798.83 2795.62 2743.33 2691.04 2714.25 2737.45 2751.01 2764.56 2775.83 2787.09 2765.35 2743.61 2743.55 2743.49 2718.64 2693.8 2697.79 2701.78 2656.57 2611.35 2623.6 2635.84 2627.22 2618.6 2618.96 2619.31 2615.34 2611.37 2602.44 2593.51 2579.61 2565.7 2537.34 2508.98 2461.76 2414.54 2474.52 2534.5 2575.85 2617.2 2627.66
2984.92 2963.05 2958.79 2947.9 2926.47 2891.43 2908.7 2916.11 2937.76 2917.74 2936.99 2914.26 2915.62 2848.06 2856.37 2859.82 2873 2865.36 2914.7 2856.21 2875.21 2845.42 2890.44 2866.67 2843.51 2787.81 2788.08 2756.08 2716.07 2675.29 2725.46 2722.59 2777.12 2760.23 2760.02 2748.35 2747.8 2703.47 2700.63 2696.64 2711.18 2665.03 2670.35 2645.94 2650.85 2577.64 2615.8 2589.59 2632.14 2580.69 2591.98 2573.52 2574 2562.03 2598.22 2559.16 2589.12 2551.32 2524.44 2476.28 2455.64 2382.38 2485.41 2514.49 2579.35 2627.96 2673.29
2972.02 2987.89 2963.09 2938.29 2913.49 2888.69 2898 2907.32 2916.64 2925.96 2903.28 2880.6 2857.93 2835.25 2838.84 2842.44 2846.04 2849.64 2840.83 2832.01 2823.2 2814.38 2804.18 2793.97 2783.77 2773.57 2745.06 2716.55 2688.04 2659.53 2683.62 2707.72 2731.81 2755.9 2732.76 2709.62 2686.47 2663.33 2656.56 2649.8 2643.03 2636.26 2613.18 2590.09 2567 2543.92 2543.63 2543.34 2543.06 2542.77 2535.25 2527.73 2520.21 2512.68 2518.75 2524.81 2530.88 2536.94 2490.26 2443.58 2396.9 2350.22 2422.35 2494.48 2566.6 2638.73 2618.42
2999.67 2972.06 2965.32 2946.81 2922.11 2885.94 2905.61 2907.55 2919.6 2902.18 2917.01 2915.59 2885.44 2822.43 2848.82 2824.64 2830.43 2821.51 2828.73 2815.3 2800.44 2783.35 2793.15 2774.91 2764.49 2741.02 2753.12 2701.01 2718.5 2643.78 2695.62 2686.42 2717.64 2704.34 2766.33 2670.25 2690.7 2623.19 2628.05 2611.45 2630.99 2591.17 2588.24 2561.71 2540.35 2510.2 2516.72 2510.77 2528.92 2497.62 2509.96 2488.55 2528.8 2463.34 2503.95 2489.06 2486.86 2469.81 2455.34 2436.04 2436.14 2318.06 2412.22 2494.96 2553.74 2557.06 2579.56
2978.88 2956.24 2955.78 2955.33 2919.26 2883.2 2895.49 2907.78 2893.09 2878.41 2914.49 2950.58 2880.1 2809.61 2808.22 2806.83 2800.11 2793.38 2795.98 2798.58 2775.45 2752.31 2754.08 2755.85 2732.16 2708.47 2696.97 2685.46 2656.74 2628.02 2646.57 2665.12 2658.95 2652.77 2641.83 2630.89 2606.97 2583.05 2578.08 2573.1 2559.59 2546.08 2539.71 2533.33 2504.91 2476.48 2477.34 2478.2 2465.34 2452.47 2450.92 2449.37 2431.68 2413.99 2433.65 2453.31 2428 2402.69 2415.59 2428.5 2357.2 2285.9 2390.67 2495.45 2485.42 2475.38 2497.24
2983.58 2940.41 3002.9 2928.24 2983.28 2880.46 2928.64 2881.03 2882.38 2854.63 2883.11 2879 2879.47 2796.8 2807.81 2783.69 2810.04 2765.24 2835.88 2756.13 2764.26 2721.28 2717.41 2711.33 2701.17 2675.92 2678.66 2652.7 2643.74 2612.27 2623.83 2619.1 2653.62 2601.21 2613.04 2578.55 2626.56 2542.91 2569.74 2526.22 2566.66 2501 2505.84 2482.9 2463.95 2442.76 2454.17 2431.9 2420.82 2407.32 2453.8 2394.05 2448.38 2364.65 2372.21 2372.59 2402.13 2335.56 2364.1 2336.75 2317.16 2253.73 2337.26 2381.13 2414.35 2393.7 2427.83
2936.3 2924.58 2912.86 2901.15 2889.43 2877.71 2866 2854.28 2842.56 2830.85 2819.13 2807.41 2795.7 2783.98 2772.26 2760.55 2748.83 2737.11 2725.4 2713.68 2701.96 2690.25 2678.53 2666.81 2655.09 2643.38 2631.66 2619.94 2608.23 2596.51 2584.79 2573.08 2561.36 2549.64 2537.93 2526.21 2514.49 2502.78 2491.06 2479.34 2467.62 2455.91 2444.19 2432.47 2420.76 2409.04 2397.32 2385.61 2373.89 2362.17 2350.46 2338.74 2327.02 2315.31 2303.59 2291.87 2280.16 2268.44 2256.72 2245 2233.29 2221.57 2244.19 2266.8 2289.41 2312.03 2334.64
2926.97 2899.94 2890.93 2876.83 2866.97 2844.47 2863.26 2862.33 2838.02 2810.59 2884.77 2835.73 2818.25 2750.29 2759.46 2747.32 2770.4 2715.74 2728.24 2729.73 2731.03 2679.11 2685.38 2673.72 2649.64 2625.19 2625.15 2611.84 2607.16 2561.5 2594.03 2611.46 2610.62 2573.38 2591.9 2585.29 2649.56 2534.38 2533.9 2510.54 2503.08 2482.74 2526.53 2457.25 2454.75 2415.25 2472.97 2428.14 2420.25 2384.82 2399.68 2407.18 2395.46 2323.85 2361.65 2321.26 2351.33 2271.69 2275.83 2249.33 2236.33 2189.41 2294.59 2292.08 2326.66 2343.28 2385.76
2887.24 2875.3 2863.91 2852.51 2831.86 2811.22 2840.8 2870.38 2830.35 2790.33 2827.19 2864.05 2790.32 2716.59 2725.34 2734.09 2714.23 2694.37 2720.08 2745.78 2706.88 2667.98 2674.31 2680.64 2643.81 2606.99 2605.36 2603.74 2565.11 2526.49 2588.17 2649.84 2623.48 2597.12 2620.75 2644.38 2605.18 2565.99 2553.87 2541.75 2525.66 2509.57 2495.8 2482.03 2451.75 2421.47 2446.07 2470.67 2439.07 2407.47 2441.54 2475.62 2404.01 2332.4 2341.52 2350.65 2312.79 2274.94 2264.29 2253.65 2205.45 2157.25 2237.31 2317.37 2345.95 2374.53 2423.59
2863.24 2850.66 2858.89 2818.94 2805.78 2777.97 2817.39 2808.82 2804.22 2770.07 2782.65 2781.78 2750.72 2682.9 2694.82 2692.25 2694.11 2673 2740.07 2697.22 2680.22 2656.84 2665.45 2644.4 2621.35 2588.8 2580.6 2558.64 2534.09 2491.48 2581.34 2600.19 2632.21 2620.86 2642.07 2640.64 2640.63 2597.6 2603.63 2568.98 2573.14 2536.41 2559.03 2490.3 2515.06 2427.68 2462.71 2457 2476.85 2430.12 2438.44 2438.37 2395.68 2340.95 2366.15 2333.06 2318.03 2278.18 2249.33 2220.41 2197.35 2125.08 2241.51 2291.17 2388.7 2405.78 2461.14
2818.44 2826.02 2805.69 2785.37 2765.04 2744.72 2745.99 2747.27 2748.54 2749.81 2724.66 2699.51 2674.35 2649.2 2649.81 2650.42 2651.02 2651.63 2650.15 2648.67 2647.19 2645.71 2626.93 2608.16 2589.38 2570.61 2542.07 2513.54 2485 2456.46 2503.5 2550.53 2597.57 2644.6 2640.75 2636.9 2633.05 2629.2 2612.71 2596.22 2579.73 2563.24 2530.91 2498.57 2466.23 2433.9 2438.61 2443.33 2448.05 2452.77 2426.95 2401.13 2375.31 2349.49 2332.48 2315.46 2298.45 2281.43 2234.31 2187.18 2140.05 2092.92 2178.95 2264.98 2351 2437.03 2465.11
2776.14 2773.47 2792.39 2781.2 2785.35 2711.47 2754.98 2726.15 2783.1 2703.13 2717.05 2672.69 2705.41 2615.51 2645.39 2670.68 2690.04 2628.17 2665.22 2632.8 2658.79 2634.57 2650.07 2606.01 2579.89 2542.65 2530.37 2505.22 2472.05 2421.45 2513.54 2566.35 2601.88 2617.46 2673.21 2704.18 2713.52 2660.81 2739.54 2638.58 2611.33 2574.23 2587.47 2520.54 2544.9 2440.11 2475.36 2455.26 2492.16 2444.88 2439.66 2413.17 2396.19 2358.04 2346.58 2323.41 2326.56 2254.57 2217.03 2164.4 2173.62 2060.76 2167.3 2249.18 2376.71 2410.34 2491.85
2728.28 2720.93 2748.98 2777.03 2727.63 2678.22 2691.62 2705.03 2680.73 2656.44 2651.16 2645.87 2613.84 2581.81 2636.38 2690.95 2647.83 2604.71 2610.82 2616.93 2620.18 2623.44 2613.66 2603.87 2559.29 2514.7 2505.8 2496.9 2441.67 2386.44 2484.31 2582.17 2586.24 2590.31 2680.89 2771.46 2731.94 2692.42 2686.67 2680.93 2633.07 2585.22 2563.87 2542.52 2494.42 2446.32 2456.75 2467.18 2452.09 2436.99 2431.1 2425.2 2395.9 2366.58 2348.98 2331.37 2279.54 2227.71 2184.67 2141.63 2085.11 2028.6 2130.99 2233.38 2308.51 2383.64 2459.45
2712.52 2668.39 2692.6 2695.41 2699.72 2644.97 2647.13 2646.21 2732.23 2609.76 2633.25 2592.31 2633.52 2548.12 2610.92 2613.53 2626.16 2581.25 2630.05 2598.2 2622.94 2612.3 2599.33 2566.93 2530.63 2486.75 2511.76 2442.25 2455.57 2351.43 2446.82 2504.2 2582.07 2563.17 2664.51 2708.64 2723.75 2724.02 2723.53 2681.17 2648.57 2596.2 2570.18 2537.74 2554.86 2452.54 2473.42 2453.58 2463.12 2429.1 2433.09 2413.83 2416.94 2375.13 2352.7 2305.1 2331.33 2200.84 2185.37 2105.38 2100.82 1996.44 2133.26 2190.32 2332.57 2356.95 2506.16
2616.88 2615.84 2614.81 2613.78 2612.75 2611.72 2599.56 2587.4 2575.23 2563.07 2550.91 2538.75 2526.58 2514.42 2525.27 2536.11 2546.95 2557.8 2568.64 2579.48 2590.33 2601.17 2565.58 2529.98 2494.39 2458.79 2423.2 2387.61 2352.01 2316.42 2371.32 2426.22 2481.12 2536.02 2590.93 2645.83 2700.73 2755.63 2718.52 2681.41 2644.3 2607.19 2570.08 2532.97 2495.86 2458.75 2449.37 2439.98 2430.6 2421.22 2411.83 2402.45 2393.06 2383.68 2331.25 2278.83 2226.4 2173.98 2121.55 2069.13 2016.7 1964.27 2055.77 2147.27 2238.76 2330.26 2421.75
2601.73 2589.04 2618.62 2607.1 2605.91 2567.34 2573.77 2574.75 2564.39 2545.09 2556.1 2522.97 2505.06 2480.73 2511.86 2519.75 2536.07 2530.9 2585.42 2555.21 2584.8 2543.6 2540.68 2481.23 2461.9 2416.22 2407.63 2360.79 2379.5 2281.41 2387.99 2404.88 2463.83 2510.2 2586.16 2607.06 2670.51 2695.23 2689.73 2655.53 2623.74 2591.36 2576.57 2529.46 2559.63 2464.97 2469.6 2463.88 2464.11 2418 2407.27 2384.72 2379.53 2349.18 2315.91 2271.91 2236.2 2179.33 2157.76 2061.91 2011.89 1932.11 2086.32 2123.7 2220.52 2310.39 2420
2582.74 2562.24 2581.33 2600.42 2561.69 2522.96 2542.53 2562.1 2544.61 2527.11 2517.15 2507.19 2477.11 2447.03 2475.21 2503.39 2503.69 2504 2517.47 2530.94 2508.48 2486.03 2459.25 2432.47 2403.06 2373.65 2353.81 2333.98 2290.19 2246.4 2314.97 2383.54 2433.95 2484.37 2526.32 2568.28 2601.55 2634.82 2632.24 2629.66 2602.59 2575.53 2550.74 2525.95 2498.56 2471.18 2479.48 2487.78 2451.28 2414.79 2390.89 2366.99 2340.84 2314.69 2289.84 2264.99 2224.84 2184.69 2119.69 2054.69 1977.32 1899.95 2000.04 2100.13 2195.33 2290.52 2364.14
2543.86 2535.43 2621.97 2535.92 2573.12 2478.58 2548.47 2512.39 2564.37 2509.13 2504.6 2471.3 2489.32 2413.34 2498.14 2459.15 2482.9 2477.1 2491.25 2470.74 2481.54 2428.45 2420.55 2381.08 2398.6 2331.08 2327.71 2283.21 2261.82 2211.38 2293.47 2344.04 2422.19 2458.54 2503.63 2520.82 2627.69 2574.42 2618.35 2579.3 2588.66 2559.69 2542.26 2519.84 2537.97 2477.4 2501.82 2466.88 2460.98 2411.58 2419.08 2347.01 2315.02 2280.19 2264.94 2242.77 2251.67 2190.04 2130.77 2035.1 1955.49 1867.79 1999.93 2071.67 2187.53 2270.66 2362.47
2492.53 2508.63 2490.02 2471.41 2452.81 2434.2 2448.44 2462.67 2476.91 2491.15 2463.27 2435.4 2407.52 2379.64 2397.28 2414.92 2432.56 2450.2 2430.37 2410.54 2390.71 2370.88 2350.29 2329.69 2309.1 2288.51 2260.47 2232.44 2204.41 2176.37 2240.46 2304.54 2368.62 2432.71 2453.03 2473.36 2493.69 2514.01 2521.47 2528.94 2536.4 2543.86 2528.8 2513.73 2498.67 2483.61 2464.8 2445.99 2427.18 2408.37 2367.7 2327.03 2286.37 2245.7 2233.12 2220.55 2207.97 2195.4 2105.45 2015.51 1925.57 1835.63 1939.42 2043.21 2147 2250.79 2293.7
2468.61 2447.12 2457.36 2422.83 2417.48 2389.82 2424.77 2413.63 2451.52 2431.06 2424.64 2415.67 2400.29 2345.95 2368.55 2374.94 2391.38 2385.83 2422.44 2363.38 2380.78 2313.31 2303.69 2280.82 2296.49 2238.49 2245.96 2206.17 2178.48 2141.36 2209.5 2268.84 2340.01 2363.12 2438.38 2437.35 2479.94 2453.61 2495.3 2503.9 2511.19 2505.5 2577.61 2534.44 2517.42 2489.82 2480.49 2441.08 2414.02 2383.3 2360.11 2312.87 2297.9 2211.21 2199.52 2178.37 2187.76 2123.38 2067.74 1978.55 1902 1803.46 1901.42 1989.45 2082.54 2170.04 2265.52
2404.47 2385.61 2379.93 2374.26 2359.85 2345.44 2355.01 2364.59 2367.77 2370.96 2383.45 2395.93 2354.09 2312.25 2323.6 2334.95 2328.21 2321.47 2318.84 2316.22 2285.98 2255.74 2243.85 2231.95 2210.22 2188.48 2184.19 2179.91 2143.13 2106.35 2169.74 2233.13 2263.33 2293.53 2347.44 2401.34 2397.27 2393.2 2436.03 2478.86 2473 2467.14 2511.14 2555.14 2525.59 2496.04 2466.11 2436.18 2397.2 2358.23 2328.47 2298.71 2237.71 2176.71 2156.45 2136.19 2093.78 2051.37 1996.48 1941.58 1856.44 1771.3 1853.5 1935.69 2012.49 2089.29 2170.04
2386.31 2324.09 2323.1 2316.94 2332.97 2301.06 2327.1 2309.16 2359.2 2310.86 2328.83 2321.88 2333.62 2278.56 2291.08 2276.87 2312.01 2257.1 2268.22 2241.44 2249.15 2198.17 2198.47 2173.24 2229.19 2138.47 2175.38 2121.15 2106.18 2071.34 2128.16 2164.24 2213.09 2223.95 2272.53 2307.36 2333.81 2332.8 2410.89 2405.14 2437.73 2428.79 2501.68 2502.29 2514.48 2502.25 2470.15 2422.23 2426.37 2333.16 2335.43 2253.31 2205.05 2142.22 2117.47 2071.86 2049.8 1979.36 1987.04 1874.37 1833.13 1739.14 1829.99 1876.54 1960.49 2008.54 2101.77
2264.06 2262.58 2261.1 2259.63 2258.15 2256.68 2255.2 2253.72 2252.25 2250.77 2249.29 2247.82 2246.34 2244.86 2231.83 2218.8 2205.76 2192.73 2179.7 2166.66 2153.63 2140.59 2127.56 2114.53 2101.49 2088.46 2075.43 2062.39 2049.36 2036.33 2065.83 2095.34 2124.85 2154.36 2183.87 2213.38 2242.89 2272.4 2301.9 2331.41 2360.92 2390.43 2419.94 2449.45 2478.96 2508.47 2458.37 2408.28 2358.19 2308.09 2258 2207.91 2157.81 2107.72 2057.63 2007.54 1957.44 1907.35 1857.26 1807.16 1757.07 1706.98 1762.18 1817.38 1872.59 1927.79 1982.99
2252.61 2237.79 2290.18 2231.79 2249.74 2213.23 2226.15 2216.73 2255.21 2214.3 2238.23 2242.19 2286.67 2199.61 2202.45 2203.64 2190.4 2175.3 2252.52 2162.82 2142.99 2114.63 2134.46 2118.54 2105.94 2063.88 2084.55 2048.49 2051.37 2001.31 2066.23 2086.03 2109.91 2126.99 2160.96 2181.42 2265.55 2227.76 2267.69 2298.93 2338.67 2358.82 2407.01 2448.78 2460.29 2435.08 2434.95 2389.58 2371.92 2295.5 2293.67 2211.81 2142.25 2071.54 2043.74 1982.49 1947.88 1877.19 1866.62 1807.53 1748.04 1674.82 1751.46 1810.89 1917.45 1930.85 2002.96
