Final Tests/testGrid2.grd
ncols 257
nrows 257
xllcorner 0
yllcorner 0
cellsize 10
[rows 150 to 179 of 257, columns 67 to 133 of 257]
2595.08 2630.19 2672.2 2714.2 2737.62 2761.03 2801.49 2841.96 2864.17 2886.38 2893.42 2900.46 2897.7 2894.94 2959.25 3023.55 3029.37 3035.19 3106.07 3176.96 3171.52 3166.09 3168.65 3171.2 3172.61 3174.02 3185.31 3196.6 3171.89 3147.18 3183.41 3219.64 3252.45 3285.26 3333.71 3382.16 3388.61 3395.05 3492.56 3590.08 3512.82 3435.56 3436.17 3436.78 3420.79 3404.79 3507.47 3610.15 3609.01 3607.87 3628.6 3649.32 3663.72 3678.13 3679.16 3680.18 3663.81 3647.44 3644.57 3641.7 3607.04 3572.38 3599.91 3627.45 3643.82 3660.19 3678.24
2623.7 2638.63 2694.49 2717.12 2764.56 2777.01 2803.84 2829.05 2878.9 2862.83 2906.8 2881.43 2947.46 2890.24 2995.43 2994.49 3043.91 3040.25 3121.54 3151.08 3173.23 3185.59 3184.87 3179.74 3181.08 3172.75 3202.89 3175.64 3176.81 3142.53 3192.04 3212.42 3280.41 3278.9 3339.96 3361.01 3397.18 3401.11 3467.63 3492.6 3477.76 3409.32 3436.55 3403.9 3419.05 3381.88 3456.11 3525.47 3596.58 3565.24 3597.9 3626.87 3704.36 3682.19 3681.45 3660.94 3643.49 3622.29 3658.6 3597.15 3582.33 3540.21 3596.97 3595.53 3668.03 3639.68 3675.92
2610.59 2647.07 2683.55 2720.03 2756.52 2793 2804.57 2816.13 2827.7 2839.27 2850.84 2862.41 2873.98 2885.54 2925.49 2965.43 3005.37 3045.31 3085.26 3125.2 3165.14 3205.08 3196.68 3188.28 3179.88 3171.48 3163.08 3154.68 3146.28 3137.88 3171.54 3205.2 3238.87 3272.53 3306.19 3339.85 3373.52 3407.18 3401.15 3395.13 3389.1 3383.08 3377.05 3371.03 3365 3358.98 3399.88 3440.79 3481.7 3522.61 3563.52 3604.43 3645.34 3686.24 3663.97 3641.7 3619.42 3597.15 3574.88 3552.6 3530.33 3508.05 3535.83 3563.61 3591.39 3619.16 3646.94
2635.09 2658.7 2752.7 2748.73 2794.4 2784.07 2856.01 2860.2 2857.33 2842.88 2873.23 2870.96 2886.15 2880.85 2955.41 2985 3034.19 3057.55 3104.23 3143.66 3170.99 3176.24 3206.62 3192.71 3196.98 3158.92 3180.17 3156.3 3159.74 3133.23 3225.46 3208.24 3285.1 3263.44 3308.77 3338.37 3387.16 3373.56 3383.88 3384.16 3393.56 3390.84 3440.25 3381.47 3373.79 3336.07 3391.02 3423.9 3493.15 3506.67 3588.11 3580.36 3627.1 3627.12 3676.11 3653.29 3630.45 3581.32 3583.12 3565.42 3527.85 3475.89 3524.38 3544.87 3584.21 3587.27 3620.97
2651.24 2670.33 2723.87 2777.42 2776.28 2775.14 2839.7 2904.26 2875.37 2846.48 2863 2879.52 2877.83 2876.15 2940.36 3004.57 3037.18 3069.79 3115.95 3162.11 3154.75 3147.39 3172.27 3197.14 3171.74 3146.35 3152.13 3157.91 3143.25 3128.58 3169.93 3211.27 3232.81 3254.35 3295.62 3336.88 3338.41 3339.93 3356.56 3373.18 3385.9 3398.61 3395.27 3391.92 3352.54 3313.16 3360.08 3407.01 3448.87 3490.72 3523.51 3556.3 3562.15 3567.99 3616.44 3664.88 3615.19 3565.49 3571.87 3578.24 3510.99 3443.73 3484.93 3526.14 3540.76 3555.37 3579.58
2663.15 2681.96 2752.55 2751.43 2765.92 2766.21 2867.74 2854.88 2872.96 2850.09 2860.74 2869.87 2871.42 2871.45 3007 2992.54 3081.16 3082.02 3124.45 3127.05 3150.32 3118.55 3146.62 3151.3 3155.29 3133.78 3186.83 3139.08 3163.42 3123.93 3188.07 3194.5 3241.73 3245.26 3298.57 3295.66 3315.35 3306.31 3338.66 3358.3 3401.92 3406.38 3410.54 3366.33 3396.02 3290.26 3364.55 3385.05 3457.18 3474.78 3545.95 3505.29 3514.11 3508.87 3566.94 3578.34 3571.14 3549.66 3538.23 3517.43 3538.82 3411.57 3447.81 3480.82 3522.64 3523.48 3550.37
2657.23 2693.58 2709.51 2725.44 2741.36 2757.29 2781.39 2805.49 2829.6 2853.7 2856.96 2860.22 2863.48 2866.75 2923.62 2980.5 3037.38 3094.26 3093.12 3091.98 3090.84 3089.7 3097.58 3105.46 3113.34 3121.22 3120.73 3120.25 3119.77 3119.28 3148.5 3177.73 3206.95 3236.17 3245.3 3254.43 3263.56 3272.69 3308.05 3343.42 3378.78 3414.15 3377.45 3340.75 3304.05 3267.35 3315.22 3363.09 3410.97 3458.84 3456.56 3454.29 3452.02 3449.74 3470.76 3491.79 3512.81 3533.83 3495.23 3456.62 3418.01 3379.4 3407.45 3435.49 3463.54 3491.58 3503.28
2683.91 2684.79 2760.45 2773.49 2814.61 2748.36 2815.87 2794.76 2824.23 2836.46 2871.87 2851.41 2867.3 2862.05 2963.84 2985.63 3046.97 3048.48 3069.81 3080.52 3092.13 3060.85 3120.34 3102.23 3138.37 3100.29 3126.06 3121.95 3129.99 3114.63 3186.7 3193.9 3200.77 3206.99 3237.56 3224.85 3253.41 3239.07 3302.78 3297.71 3347.57 3349.85 3358.52 3311.73 3306 3244.44 3345.71 3326.71 3385.23 3392.75 3452.25 3432.04 3457.47 3390.62 3434.62 3439.37 3456.67 3458.37 3470.88 3427.4 3428.83 3347.24 3398.8 3428.29 3443.62 3443.34 3497.94
2684.61 2675.99 2748.76 2821.54 2780.49 2739.43 2761.73 2784.02 2801.63 2819.23 2830.91 2842.59 2849.97 2857.35 2924.05 2990.75 2996.72 3002.69 3035.88 3069.06 3050.54 3032.01 3065.5 3099 3089.18 3079.36 3101.51 3123.66 3116.82 3109.98 3160.03 3210.08 3193.94 3177.81 3186.54 3195.27 3200.36 3205.45 3228.73 3252.01 3268.78 3285.55 3284.14 3282.72 3252.13 3221.53 3255.93 3290.33 3308.5 3326.66 3368.22 3409.78 3370.64 3331.49 3359.22 3386.95 3384.93 3382.91 3390.55 3398.19 3356.63 3315.08 3368.09 3421.1 3408.1 3395.1 3418.56
2685.79 2667.19 2765.61 2755.76 2795.76 2730.51 2801.95 2768.6 2800.27 2802 2828.68 2829.47 2878.78 2852.65 2899.28 2935.15 2961.86 2956.91 2987.27 3005.89 3022.94 3003.16 3071.5 3052.45 3056.03 3058.43 3112.39 3096.38 3125.97 3105.33 3158.44 3160.07 3186.83 3148.63 3172.79 3162.05 3207.42 3171.82 3221.98 3199.79 3216.58 3221.26 3225.88 3224.53 3216.3 3198.63 3246.99 3237.72 3306.32 3260.57 3339.94 3306.82 3313.04 3272.36 3339.16 3304.79 3316.34 3307.46 3360.38 3319.78 3314.72 3282.92 3327.44 3347.89 3423.69 3346.86 3422.79
2642.6 2658.39 2674.19 2689.99 2705.78 2721.58 2737.37 2753.17 2768.97 2784.76 2800.56 2816.35 2832.15 2847.95 2863.74 2879.54 2895.34 2911.13 2926.93 2942.72 2958.52 2974.32 2990.11 3005.91 3021.7 3037.5 3053.3 3069.09 3084.89 3100.68 3105.37 3110.06 3114.75 3119.44 3124.13 3128.82 3133.51 3138.2 3142.89 3147.58 3152.27 3156.96 3161.65 3166.34 3171.03 3175.72 3180.41 3185.1 3189.79 3194.48 3199.17 3203.86 3208.55 3213.24 3217.93 3222.62 3227.31 3232 3236.69 3241.38 3246.07 3250.76 3262.72 3274.69 3286.65 3298.62 3310.58
2716.15 2713.31 2805.24 2771.74 2778.69 2754.72 2787.6 2792.26 2845.6 2806.68 2829.01 2841.95 2850.45 2856.77 2908.57 2946.83 2973.72 2951.57 3007.09 2981.43 2983.28 2976.81 3071.7 3062.19 3079.01 3071.81 3112.17 3085.35 3104.27 3084.93 3119.83 3122.35 3147.26 3148.25 3174.54 3188.82 3243.63 3177.81 3214.16 3199.19 3207.03 3181.97 3245.54 3176.59 3197.21 3161.52 3210.69 3249.49 3273.35 3238.12 3235.31 3228.73 3263.37 3195 3244.67 3222.2 3222.68 3220.84 3260.65 3243.7 3245.26 3218.59 3268.57 3259 3276.57 3276.67 3338.23
2761.82 2768.23 2810.86 2853.49 2820.68 2787.87 2809.61 2831.36 2829.98 2828.6 2848.07 2867.54 2866.56 2865.58 2939.85 3014.12 3003.06 2992.01 3006.07 3020.13 2999.72 2979.3 3048.88 3118.46 3112.29 3106.12 3103.86 3101.6 3085.39 3069.17 3101.9 3134.63 3155.85 3177.07 3212.94 3248.82 3233.12 3217.43 3234.12 3250.81 3228.9 3206.98 3196.91 3186.84 3167.08 3147.32 3230.6 3313.88 3297.82 3281.77 3267.68 3253.59 3215.18 3176.77 3199.27 3221.78 3215.74 3209.69 3227.86 3246.03 3216.23 3186.43 3214.87 3243.31 3249.02 3254.72 3280.89
2791.94 2823.14 2853.57 2859.8 2843.82 2821.01 2843.51 2847.33 2875.15 2850.52 2933.73 2872.69 2892.86 2874.4 2960.75 2996.09 3029.4 3032.45 3032.07 3024.36 3009.3 2981.8 3040.76 3098.99 3141.69 3140.43 3124.48 3103.9 3081.71 3053.42 3102.16 3135.4 3192.19 3205.88 3244.61 3257.24 3276.78 3257.04 3275.6 3263.82 3248.43 3231.99 3210.88 3187.4 3171.84 3133.12 3255.97 3278.93 3343.4 3325.41 3307.85 3254.13 3207.38 3158.53 3218.87 3192.81 3257.91 3198.53 3229.41 3200.39 3212.4 3154.27 3208.51 3204.89 3243.1 3232.78 3281.78
2819.1 2878.06 2872.08 2866.11 2860.13 2854.16 2858.73 2863.3 2867.87 2872.43 2875.13 2877.83 2880.52 2883.22 2930.64 2978.06 3025.47 3072.89 3050.74 3028.59 3006.44 2984.29 3031.9 3079.51 3127.12 3174.73 3140.47 3106.2 3071.93 3037.66 3086.92 3136.18 3185.43 3234.69 3250.18 3265.67 3281.16 3296.65 3286.74 3276.83 3266.92 3257 3222.48 3187.97 3153.45 3118.93 3181.46 3243.99 3306.52 3369.06 3311.86 3254.67 3197.48 3140.29 3152.06 3163.83 3175.61 3187.38 3171.06 3154.74 3138.43 3122.11 3144.29 3166.47 3188.65 3210.83 3225.74
2827.78 2868.05 2897.69 2879.78 2897.15 2887.3 2954.22 2911.76 2936.52 2892.48 2922.1 2897.19 2903.95 2892.04 2943.51 2977.78 3023.44 3043.76 3075.09 3034.71 3020.92 2986.79 3056.06 3058.79 3106.36 3127.16 3162.4 3108.18 3085.77 3021.91 3141.39 3145.03 3199.07 3229.73 3329.94 3297.15 3361.32 3336.26 3356.84 3312.16 3290.87 3257.41 3256 3213.75 3163 3104.73 3176.45 3238.1 3300.19 3292.98 3307.03 3216.85 3194.94 3122.06 3152.76 3144.87 3181.38 3148.13 3143.91 3130.98 3168.32 3089.95 3118.85 3140.74 3171.79 3181.62 3249.87
2834.07 2858.03 2875.74 2893.46 2906.95 2920.45 2940.34 2960.23 2936.38 2912.53 2914.54 2916.56 2908.71 2900.86 2939.19 2977.51 2996.07 3014.64 3027.73 3040.83 3015.05 2989.28 3013.68 3038.07 3058.83 3079.59 3094.87 3110.15 3058.15 3006.15 3080.01 3153.88 3189.33 3224.78 3276.71 3328.63 3352.25 3375.87 3361.68 3347.49 3302.65 3257.81 3248.67 3239.53 3165.03 3090.53 3161.37 3232.21 3224.55 3216.9 3197.97 3179.04 3141.43 3103.82 3114.87 3125.91 3117.4 3108.89 3108.05 3107.21 3082.5 3057.78 3086.39 3115 3133.7 3152.41 3181.45
2829.05 2848.02 2893.44 2902.91 2949.43 2953.59 2978.21 2964.95 2979.45 2932.57 2940.49 2926.06 2947.79 2909.68 2979.19 2957.48 2994.24 2985.51 2999.94 3008.08 3026.21 2991.77 3009.99 3013.72 3044.57 3032.02 3073.04 3044.85 3025.55 2990.4 3061.69 3124.32 3177.16 3219.82 3277.82 3331.81 3414.94 3415.48 3397 3352.17 3314.79 3258.21 3274.55 3199.95 3154.33 3076.33 3130.36 3147.82 3147.19 3140.82 3140.42 3122.54 3116.54 3085.58 3115.75 3087.39 3101.74 3069.65 3115.35 3059.57 3062.26 3025.62 3090.24 3079.36 3114.58 3123.2 3168.63
2800.82 2838 2875.19 2912.37 2949.55 2986.74 2978.21 2969.68 2961.15 2952.62 2944.09 2935.56 2927.03 2918.5 2927.97 2937.44 2946.91 2956.38 2965.85 2975.33 2984.8 2994.27 2991.82 2989.36 2986.91 2984.45 2982 2979.55 2977.09 2974.64 3034.7 3094.75 3154.81 3214.87 3274.92 3334.98 3395.04 3455.09 3405.97 3356.85 3307.73 3258.61 3209.49 3160.37 3111.25 3062.13 3062.78 3063.44 3064.09 3064.74 3065.39 3066.04 3066.69 3067.35 3058.11 3048.87 3039.64 3030.4 3021.17 3011.93 3002.7 2993.46 3018.59 3043.72 3068.85 3093.98 3119.11
2832.25 2846.35 2909.73 2935.11 3010.71 2974.17 3025.57 2963.14 2970.77 2951.52 2977.54 2943.55 2975.69 2927.31 2961.82 2973.87 2982.42 2958.58 3001.33 2985.86 3008.93 2984.84 3025.95 3012.03 3027.83 2980.5 3077.65 3003.92 3021.02 2958.89 3055.56 3080.45 3203.92 3201.36 3314.99 3299.37 3352.05 3385.53 3378.8 3323.02 3295.17 3223.96 3207.33 3159.14 3124.87 3047.93 3082.63 3085.67 3123.33 3086.67 3088.08 3085.72 3142.19 3039.22 3126.43 3042.83 3055.86 3014.9 3007.47 2989.05 2993.76 2961.3 3060.3 3036.2 3080.02 3063.74 3125.4
2822.07 2854.69 2906.27 2957.85 2959.73 2961.6 2959.1 2956.61 2953.52 2950.43 2950.98 2951.54 2943.83 2936.13 2973.22 3010.31 2985.54 2960.77 2978.58 2996.39 2985.9 2975.41 3005.05 3034.7 3005.62 2976.54 3002.41 3028.28 2985.71 2943.13 3004.64 3066.14 3126.99 3187.85 3225.81 3263.77 3289.87 3315.96 3302.58 3289.19 3239.25 3189.31 3173.61 3157.91 3095.82 3033.74 3070.82 3107.91 3108.25 3108.59 3107 3105.4 3058.25 3011.1 3023.94 3036.79 3018.1 2999.4 2982.79 2966.17 2947.65 2929.14 2978.91 3028.68 3031.09 3033.5 3105.12
2830.23 2863.04 2905.51 2930.89 2956.78 2949.03 3050.14 2949.48 2974.64 2949.33 2984.97 2951.27 2970.94 2944.95 2981.9 2984.88 3024.75 2962.96 2971.59 2978.62 2987.54 2965.98 2994.89 2998.64 2988 2972.59 2996.86 2984.2 2970.94 2927.37 3015.8 3051.18 3122.98 3174.33 3204.24 3216.3 3238.56 3246.4 3259.66 3218.8 3188.73 3154.65 3135.34 3110.29 3067.34 3019.54 3060.2 3093.4 3112.03 3130.52 3124.47 3079.52 3079.71 2982.97 3015.9 2999.21 3018.92 2983.9 3004.47 2941.39 2952.1 2896.97 2972.64 2973.8 2997.26 3003.26 3081.48
2837.61 2871.38 2887.65 2903.92 2920.19 2936.46 2939.41 2942.35 2945.29 2948.24 2949.62 2951 2952.39 2953.77 2956.62 2959.46 2962.31 2965.16 2963 2960.85 2958.7 2956.54 2959.57 2962.59 2965.61 2968.63 2954.38 2940.12 2925.87 2911.62 2973.92 3036.22 3098.52 3160.82 3164.83 3168.83 3172.83 3176.83 3162.62 3148.42 3134.21 3120 3091.33 3062.67 3034 3005.34 3042.12 3078.89 3115.67 3152.45 3103.05 3053.65 3004.25 2954.85 2958.24 2961.63 2965.02 2968.41 2942.51 2916.61 2890.71 2864.81 2891.86 2918.91 2945.96 2973.01 2999.22
2858.14 2862.23 2936.44 2904.42 2957.16 2923.89 2954.75 2951.79 2990.07 2945.58 2988.17 2999.61 2983.21 2962.59 3009 2982.47 2981.76 2962.35 3003.62 2994.86 2980.53 2947.11 2987.31 2976.59 2974.25 2947.4 2946.63 2924.88 2942.1 2895.86 2974.34 3025.79 3090.05 3089.01 3106.67 3115.2 3154.22 3107.27 3137.73 3118.95 3134.09 3070.89 3079.48 3051.68 3029.93 2991.14 3056.68 3058.86 3087.5 3088.2 3151.35 3014.16 2972.28 2926.73 2943.04 2944.3 2958.1 2923.62 2911.62 2886.66 2869.41 2832.65 2875.43 2911.83 2972.51 2941.92 3018.09
2844.13 2853.07 2879 2904.93 2908.13 2911.32 2936.28 2961.23 2952.08 2942.93 2995.57 3048.21 3009.81 2971.41 2988.44 3005.48 2982.51 2959.54 2994.2 3028.86 2983.27 2937.68 2964.14 2990.59 2958.38 2926.17 2917.9 2909.63 2894.87 2880.11 2947.73 3015.36 3016.28 3017.2 3039.39 3061.58 3049.64 3037.7 3063.59 3089.48 3055.63 3021.78 3031.23 3040.69 3008.81 2976.94 3007.89 3038.83 3031.39 3023.95 2999.31 2974.66 2936.63 2898.6 2912.78 2926.97 2902.9 2878.83 2867.77 2856.71 2828.6 2800.49 2852.62 2904.74 2907.79 2910.83 2965.35
2838.83 2843.91 2914.89 2882.7 2932.87 2898.76 2948.6 2936.56 2944.06 2940.27 2979.8 3005.77 3034.98 2980.23 3004.39 2988.48 3044.83 2956.74 2993.31 2982.62 2992.59 2928.25 2964.12 2945.93 2950.83 2904.94 2930.44 2887.89 2889.31 2864.35 2959.2 2938.22 2969.52 2945.39 2981.73 2973.83 3030.53 2968.14 3011.78 3000.27 3012.5 2972.67 3025.71 2988.37 2996.57 2962.74 3013.93 2980.41 3012.4 2959.7 2973.95 2921.78 2907.61 2870.48 2902.18 2871.39 2872.51 2834.05 2865.99 2809.71 2792.94 2768.33 2813.4 2848.58 2871.28 2879.74 2950.5
2821.9 2834.76 2847.62 2860.47 2873.33 2886.19 2899.04 2911.9 2924.76 2937.62 2950.47 2963.33 2976.19 2989.04 2980.27 2971.49 2962.71 2953.93 2945.15 2936.38 2927.6 2918.82 2910.04 2901.26 2892.49 2883.71 2874.93 2866.15 2857.38 2848.6 2854.84 2861.09 2867.34 2873.58 2879.83 2886.08 2892.32 2898.57 2904.82 2911.06 2917.31 2923.56 2929.8 2936.05 2942.3 2948.54 2935.27 2922 2908.72 2895.45 2882.18 2868.9 2855.63 2842.35 2829.08 2815.81 2802.53 2789.26 2775.98 2762.71 2749.44 2736.16 2764.29 2792.41 2820.53 2848.65 2876.78
2877.8 2862.83 2894.68 2919.25 2935.68 2887.87 2910.83 2914.82 2931.42 2933.22 2975.22 2960.91 2974.07 2976.23 3003.02 2979.36 3024.03 2949.16 2977.2 2948.62 2955.7 2921.28 2943.62 2908.12 2931.44 2894.85 2926.84 2926.15 2894.47 2832.84 2867.91 2902.98 2914.71 2889.81 2958.36 2912.72 2924.44 2889.24 2930.06 2919.49 2929.63 2924.72 2972.2 2925.51 2929.08 2914.83 2950.77 2920.91 2954.79 2883.44 2908.11 2874.14 2884.84 2825.82 2827.55 2820.44 2830.08 2774.48 2783.65 2763.45 2758.67 2704 2778.98 2764.01 2820.46 2820.39 2860.23
2901.85 2890.9 2934.46 2978.02 2933.79 2889.55 2903.64 2917.73 2923.28 2928.82 2943.66 2958.49 2960.95 2963.41 2975.32 2987.24 2965.81 2944.39 2952.63 2960.86 2942.3 2923.75 2919.36 2914.98 2910.48 2905.98 2946.06 2986.14 2901.61 2817.09 2880.97 2944.86 2925.45 2906.03 2922.7 2939.36 2909.63 2879.9 2903.9 2927.91 2926.9 2925.89 2920.43 2914.97 2898.04 2881.11 2900.46 2919.82 2895.62 2871.42 2875.4 2879.37 2844.33 2809.28 2817.18 2825.07 2792.39 2759.71 2761.94 2764.18 2718.01 2671.84 2703.72 2735.61 2763.87 2792.12 2819.11
2923.17 2918.97 3003.15 2949 2952.49 2891.24 2920.33 2912.1 2927.23 2924.43 3008.87 2943.7 2954.99 2950.59 2975.49 2961.77 2960.8 2939.62 2973.29 2946.31 2978.05 2926.21 2978.64 2921.72 2955.46 2917.12 2942.27 2921.53 2866.88 2801.33 2888.7 2903.44 2932.38 2922.26 2930.13 2919.61 2916.65 2870.56 2910.57 2911.32 2952.28 2927.06 2928.73 2892.96 2875.88 2847.39 2896.04 2875.18 2898.46 2859.41 2911.62 2845.59 2884.81 2792.74 2792.45 2789.13 2824.67 2744.93 2774.15 2716.51 2710.51 2639.68 2710.99 2703.58 2765.44 2763.86 2791.85
