Final Tests/testGrid.grd
ncols 257
nrows 257
xllcorner 0
yllcorner 0
cellsize 10
[rows 60 to 89 of 257, columns 134 to 200 of 257]
240.063 239.805 239.547 240.508 241.469 242.43 243.391 240.804 238.217 235.63 233.043 236.425 239.808 243.191 246.573 245.324 244.075 242.826 241.577 239.913 238.249 236.586 234.922 230.8 226.678 222.556 218.435 221.014 223.593 226.172 228.751 228.955 229.158 229.362 229.566 229.779 229.992 230.204 230.417 225.674 220.93 216.186 211.443 214.743 218.044 221.345 224.645 221.688 218.731 215.773 212.816 212.026 211.236 210.446 209.656 207.317 204.979 202.641 200.303 202.464 204.626 206.787 208.948 205.969 202.99 200.011 197.033
242.462 245.171 238.914 243.991 242.485 242.349 241.309 241.909 238.591 237.343 233.059 237.543 239.969 244.412 242.718 243.23 243.196 241.728 238.483 239.758 238.821 237.02 233.003 233.442 231.413 226.305 220.149 224.607 226.511 227.197 227.397 229.835 229.196 230.584 227.52 228.654 229.595 228.861 227.67 224.283 220.799 219.561 212.95 216.442 218.368 222.628 222.364 221.684 217.931 222.208 213.003 215.674 215.617 219.391 210.144 210.7 207.676 205.913 202.641 205.895 205.889 209 206.826 208.383 204.018 200.21 195.59
244.861 241.571 238.282 240.891 243.501 241.364 239.226 239.096 238.966 236.021 233.075 236.603 240.13 239.497 238.863 240.59 242.317 238.852 235.388 237.39 239.392 235.238 231.083 233.615 236.147 229.005 221.863 225.646 229.428 227.736 226.044 227.639 229.234 227.354 225.474 227.336 229.198 227.06 224.923 222.795 220.668 217.563 214.458 216.576 218.693 219.388 220.082 218.607 217.132 215.161 213.191 216.594 219.998 215.316 210.633 210.503 210.373 207.677 204.98 206.066 207.153 205.928 204.704 204.874 205.045 199.596 194.147
241.427 243.159 237.649 239.139 239.77 239.18 237.144 240.645 236.525 237.973 233.092 237.256 236.13 236.436 235.009 236.429 236.247 234.934 232.294 234.3 233.807 232.903 229.164 230.344 231.208 230.356 223.577 225.342 226.871 226.508 224.69 227.349 225.797 225.265 223.428 224.732 224.802 225.378 222.175 224.268 219.559 223.726 215.966 219.14 217.595 219.002 217.801 216.869 215.837 215.167 213.378 217.568 216.293 214.786 211.122 212.451 210.503 213.899 207.318 208.909 206.106 205.853 202.581 202.193 200.453 199.456 192.705
237.994 237.505 237.016 236.528 236.039 235.551 235.062 234.574 234.085 233.596 233.108 232.619 232.131 231.642 231.154 230.665 230.176 229.688 229.199 228.711 228.222 227.734 227.245 226.757 226.268 225.779 225.291 224.802 224.314 223.825 223.337 222.848 222.359 221.871 221.382 220.894 220.405 219.917 219.428 218.939 218.451 217.962 217.474 216.985 216.497 216.008 215.519 215.031 214.542 214.054 213.565 213.077 212.588 212.099 211.611 211.122 210.634 210.145 209.657 207.357 205.058 202.759 200.459 198.16 195.861 193.561 191.262
249.462 248.129 242.331 243.175 243.586 245.956 241.257 243.88 240.278 240.658 239.142 245.088 242.522 242.554 238.385 238.051 237.178 240.519 235.148 237.287 238.249 238.623 235.629 239.146 232.058 231.546 227.566 230.608 230.038 229.084 226.632 227.444 226.811 226.796 224.71 227.159 226.053 227.551 226.256 225.88 223.416 225.378 219.774 222.734 220.653 220.674 219.412 220.807 218.692 220.008 215.451 217.767 216.762 221.313 214.473 214.155 213.211 213.524 210.184 212 208.08 213.372 202.185 203.433 199.38 197.094 194.162
260.931 254.288 247.645 249.389 251.133 249.293 247.452 246.961 246.471 245.824 245.176 249.045 252.914 249.265 245.616 244.898 244.18 242.639 241.098 244.687 248.277 246.144 244.012 240.93 237.848 233.844 229.84 232.801 235.763 232.845 229.928 230.595 231.263 229.651 228.039 229.87 231.701 232.392 233.083 230.732 228.381 225.228 222.075 223.443 224.81 224.057 223.305 223.074 222.842 220.09 217.338 219.136 220.935 219.135 217.335 216.562 215.788 213.25 210.712 210.907 211.101 207.506 203.91 203.405 202.899 199.981 197.063
261.29 257.859 252.959 256.669 255.095 255.887 253.646 254.654 252.507 254.587 251.21 258.36 255.787 256.098 252.847 252.573 250.358 251.675 247.047 252.791 252.582 257.187 252.395 247.585 242.716 240.251 232.115 236.493 235.609 235.096 233.224 233.552 233.435 233.904 231.367 235.207 236.209 242.597 239.911 238.766 232.544 231.173 224.376 226.562 226.847 229.348 227.197 230.676 224.471 224.478 219.224 220.832 221.51 222.195 220.197 219.962 216.601 216.899 211.24 213.057 210.333 208.894 205.635 207.52 204.006 202.604 199.963
261.649 259.961 258.273 258.665 259.057 259.449 259.841 259.192 258.543 257.894 257.245 257.953 258.661 259.369 260.078 258.307 256.537 254.766 252.996 254.942 256.887 258.833 260.779 254.182 247.584 240.987 234.39 234.922 235.455 235.987 236.52 236.063 235.607 235.151 234.695 237.706 240.717 243.728 246.739 241.723 236.707 231.692 226.676 227.78 228.883 229.986 231.09 228.595 226.1 223.605 221.11 221.597 222.084 222.572 223.059 220.236 217.413 214.59 211.767 210.666 209.564 208.462 207.361 206.236 205.112 203.988 202.863
269.501 268.176 263.588 268.762 265.815 265.469 264.995 267.392 264.31 263.982 263.279 265.268 265.713 268.02 264.83 267.925 268.245 270.028 258.945 260.738 260.572 260.832 260.619 256.504 251.366 244.24 236.665 238.18 239.133 243.956 238.827 239.315 239.072 240.093 238.023 244.338 244.139 246.19 245.54 244.541 238.631 239.682 228.977 232.923 231.979 236.353 231.384 229.899 228.136 226.002 222.997 226.939 224.436 224.612 222.611 220.946 219.004 215.708 212.295 213.523 213.685 214.283 209.063 211.614 208.438 208.906 205.763
277.353 273.128 268.902 270.737 272.573 271.361 270.148 270.113 270.078 269.695 269.313 271.039 272.765 271.173 269.582 274.768 279.954 272.424 264.894 264.575 264.256 262.358 260.46 257.803 255.147 247.043 238.939 240.876 242.812 241.973 241.134 241.836 242.538 241.944 241.351 244.456 247.562 245.951 244.341 242.447 240.554 235.916 231.277 233.176 235.074 233.376 231.678 230.925 230.172 227.528 224.883 225.835 226.787 224.475 222.163 221.379 220.595 216.709 212.822 215.314 217.806 214.286 210.766 211.265 211.764 210.214 208.664
276.443 276.425 274.216 277.457 276.283 276.399 275.302 277.007 275.498 278.486 275.347 276.795 276.499 278.789 274.334 279.852 278.947 280.165 270.843 271.058 266.361 266.976 260.3 262.445 253.481 255.568 241.214 245.063 243.715 243.653 243.441 244.407 244.708 245.032 244.679 248.522 246.268 245.182 243.142 242.16 239.732 237.267 233.578 235.066 234.573 233.555 231.973 232.85 230.317 228.572 226.769 228.874 225.874 227.719 221.715 222.685 219.083 218.994 213.35 217.031 215.915 214.637 212.468 213.372 213.041 214.389 211.564
275.533 277.532 279.53 279.762 279.993 280.224 280.456 280.687 280.918 281.15 281.381 280.807 280.234 279.66 279.087 278.513 277.939 277.366 276.792 272.629 268.466 264.304 260.141 255.978 251.815 247.652 243.489 244.054 244.619 245.184 245.748 246.313 246.878 247.443 248.008 246.491 244.975 243.459 241.943 240.427 238.911 237.395 235.879 234.976 234.073 233.17 232.267 231.364 230.461 229.558 228.655 226.808 224.961 223.114 221.267 219.419 217.572 215.725 213.878 213.951 214.024 214.098 214.171 214.244 214.318 214.391 214.464
279.631 287.615 283.077 285.941 287.846 288.558 285.711 290.221 286.707 288.885 287.415 288.292 286.376 289.854 284.041 285.819 282.049 281.548 279.152 280.389 272.752 268.54 262.761 262.905 254.833 252.801 245.764 248.336 249.14 252.536 249.23 254.319 250.61 254.9 249.255 254.914 249.541 250.601 245.054 244.469 241.884 243.933 238.179 241.661 238.656 239.214 234.402 237.733 232.678 232.07 229.597 230.769 226.328 225.504 222.72 223.077 219.602 218.306 214.405 216.782 217.919 218.125 216.602 218.388 218.009 220.794 215.35
283.729 285.177 286.624 291.162 295.699 293.333 290.966 291.731 292.496 292.973 293.449 292.984 292.519 290.757 288.996 287.577 286.158 283.835 281.512 279.275 277.038 271.209 265.38 261.616 257.852 252.945 248.039 250.85 253.661 253.187 252.712 253.527 254.342 252.422 250.502 252.304 254.106 251.136 248.166 246.512 244.857 242.669 240.48 241.859 243.239 239.888 236.538 235.716 234.894 232.717 230.539 229.117 227.695 225.934 224.173 222.903 221.633 218.283 214.933 218.373 221.813 220.423 219.034 220.367 221.701 218.968 216.236
286.74 289.313 290.171 297.03 296.648 298.46 296.222 298.445 297.997 300.788 299.484 298.76 297.365 295.854 293.95 292.877 289.363 289.472 283.872 281.582 277.732 279.025 268 268.962 259.728 257.541 250.313 254.626 254.897 256.946 256.194 260.326 255.339 253.553 251.749 255.095 253.899 255.472 251.277 249.72 247.296 245.297 242.78 244.668 243.092 245.207 238.673 239.408 235.755 237.656 231.481 230.75 228.723 233.015 225.627 226.062 221.584 219.063 215.461 218.995 220.878 226.068 221.465 223.02 221.326 219.482 217.122
289.751 291.734 293.718 295.658 297.597 299.537 301.477 302.487 303.497 304.508 305.518 303.865 302.211 300.558 298.905 295.736 292.568 289.4 286.232 282.329 278.426 274.523 270.62 266.112 261.604 257.096 252.588 254.36 256.132 257.904 259.676 258.006 256.336 254.666 252.996 253.344 253.693 254.04 254.389 252.062 249.735 247.408 245.081 244.013 242.945 241.877 240.809 238.712 236.616 234.52 232.423 231.087 229.752 228.416 227.08 224.307 221.534 218.761 215.988 217.965 219.942 221.919 223.896 222.424 220.952 219.48 218.008
294.703 296.729 297.265 302.313 301.747 306.177 305.803 308.811 310.295 314.751 311.552 312.007 308.638 310.089 302.344 300.269 296.998 293.285 288.591 287.597 285.478 283.605 272.635 269.371 264.063 263.64 254.863 260.109 259.178 261.374 259.716 258.935 257.543 257.741 254.244 256.541 258.071 257.327 254.825 254.742 251.337 251.244 247.382 248.016 246.573 246.659 241.916 244.347 240.907 238.235 233.365 237.166 231.834 229.511 227.096 228.929 224.217 222.509 216.516 218.513 219.751 222.591 222.878 223.82 221.581 221.923 218.893
299.654 300.233 300.812 303.354 305.896 308.012 310.128 313.611 317.093 317.339 317.586 316.325 315.064 310.424 305.784 303.606 301.428 296.189 290.951 291.741 292.531 283.59 274.65 270.585 266.521 261.829 257.138 259.681 262.224 260.99 259.756 259.253 258.749 257.12 255.491 258.971 262.45 258.856 255.261 254.101 252.94 251.311 249.682 249.942 250.201 246.612 243.023 244.111 245.198 239.753 234.307 234.112 233.917 230.515 227.113 227.006 226.9 221.972 217.043 218.302 219.56 220.71 221.861 222.035 222.21 220.994 219.779
301.061 304.393 304.358 308.621 309.62 316.912 314.454 320.749 320.655 322.156 323.62 322.272 318.112 314.862 309.223 308.34 302.797 302.772 293.311 292.088 289.853 284.88 276.664 276.195 268.352 264.843 259.412 261.095 261.493 264.671 259.796 261.369 258.83 260.513 256.738 258.73 259.755 258.247 255.698 254.931 254.074 254.173 251.983 251.353 249.981 249.088 244.13 246.3 242.956 241.203 235.249 235.565 232.793 230.347 227.129 227.725 224.761 221.471 217.571 219.482 219.261 224.824 220.843 224.892 221.449 221.573 220.665
302.468 305.187 307.905 310.624 313.343 316.061 318.78 321.498 324.217 326.936 329.654 325.406 321.159 316.911 312.663 308.415 304.167 299.919 295.671 291.423 287.175 282.927 278.679 274.431 270.183 265.935 261.687 261.225 260.762 260.299 259.836 259.374 258.911 258.448 257.985 257.523 257.06 256.597 256.134 255.672 255.209 254.746 254.283 252.022 249.76 247.499 245.237 242.976 240.714 238.453 236.191 233.93 231.668 229.406 227.145 224.883 222.622 220.36 218.099 218.53 218.962 219.393 219.825 220.256 220.688 221.119 221.551
308.256 309.291 309.983 318.01 317.275 320.08 319.753 322.618 324.401 326.873 328.722 327.429 322.424 318.895 314.152 312.521 308.916 305.887 297.876 295.889 292.928 289.14 281.679 282.803 283.214 275.801 263.962 267.142 268.529 265.986 262.729 265.546 262.372 261.822 260.013 261.719 262.71 263.637 259.532 260.624 257.989 260.786 254.785 255.125 251.155 250.368 246.988 246.913 244.159 244.145 237.136 237.744 234.64 232.348 229.956 227.625 225.112 225.633 218.626 220.039 219.708 221.02 220.415 224.951 226.063 225.801 222.152
314.045 313.053 312.061 316.635 321.208 320.967 320.726 322.656 324.586 326.188 327.79 325.74 323.69 319.665 315.641 314.653 313.664 306.872 300.08 299.381 298.681 291.68 284.68 290.463 296.246 281.241 266.237 271.267 276.297 270.959 265.621 265.727 265.834 263.937 262.041 265.2 268.36 265.645 262.931 261.85 260.769 258.028 255.287 253.919 252.55 250.644 248.738 248.171 247.603 242.842 238.08 237.846 237.611 235.189 232.767 230.184 227.601 223.378 219.154 219.804 220.455 220.73 221.004 226.221 231.438 227.096 222.754
317.313 319.138 314.139 317.802 320.326 326.086 321.699 325.258 324.442 325.751 326.857 325.996 322.981 320.38 317.13 317.011 312.609 307.479 302.285 300.769 298.133 297.564 287.68 288.291 288.49 279.204 268.512 274.361 273.696 272.146 268.513 268.988 267.292 270.031 264.068 266.514 268.135 267.896 266.329 265.152 261.889 260.297 255.789 255.085 253.408 251.985 250.489 250.385 246.854 245.045 239.025 239.483 238.395 242.566 235.578 235.331 228.45 226.697 219.682 220.97 220.826 226.441 221.594 226.433 227.254 227.221 223.355
320.581 318.399 316.217 317.831 319.445 321.058 322.672 323.485 324.298 325.111 325.925 324.098 322.272 320.445 318.619 315.086 311.554 308.022 304.49 301.037 297.585 294.133 290.68 285.707 280.733 275.76 270.786 270.941 271.096 271.25 271.405 270.078 268.751 267.423 266.096 267.004 267.911 268.819 269.727 266.368 263.009 259.65 256.291 255.278 254.265 253.252 252.239 249.172 246.104 243.037 239.969 239.574 239.179 238.784 238.389 233.844 229.299 224.754 220.209 220.703 221.196 221.69 222.184 222.627 223.07 223.513 223.956
321.13 321.734 318.295 324.649 323.249 325.519 322.844 325.523 326.656 330.116 324.992 326.571 324.814 324.357 318.402 317.511 312.781 312.499 306.694 309.609 303.241 297.707 292.159 291.613 285.759 279.971 273.061 274.72 275.577 276.432 272.815 274.964 273.123 270.897 268.124 270.304 270.655 271.471 268.858 268.372 263.84 263.042 256.792 262.477 254.991 253.797 251.935 252.034 247.657 245.522 240.914 240.497 239.713 242.759 237.05 236.212 229.771 225.608 220.737 223.862 226.396 224.723 222.723 226.383 228.476 226.677 224.558
321.679 321.026 320.373 323.714 327.054 325.036 323.017 326.015 329.013 326.536 324.06 325.708 327.355 322.77 318.185 316.096 314.007 311.453 308.899 308.898 308.896 301.268 293.639 292.212 290.785 283.06 275.336 277.697 280.058 277.142 274.226 275.861 277.496 273.824 270.151 271.775 273.4 270.694 267.989 266.33 264.671 260.982 257.294 256.506 255.718 253.674 251.631 250.421 249.21 245.534 241.858 241.053 240.247 237.979 235.711 232.977 230.243 225.754 221.264 226.43 231.596 227.429 223.262 228.572 233.882 229.52 225.159
321.134 323.104 322.451 327.715 325.5 326.472 323.19 329.355 325.896 324.923 323.127 325.583 323.664 322.925 317.968 317.676 314.768 315.542 311.104 309.511 306.924 301.437 295.118 296.021 289.513 283.589 277.611 281.56 279.262 278.587 275.636 279.105 276.561 275.396 272.179 272.628 271.814 269.713 267.121 267.301 263.473 261.37 257.796 261.131 255.189 253.526 251.327 252.63 248.298 247.858 242.803 246.58 239.319 237.402 234.372 231.938 228.96 228.319 221.792 225.213 227.463 231.747 223.801 226.749 229.617 230.193 225.76
320.59 322.56 324.529 324.238 323.946 323.654 323.362 323.07 322.779 322.487 322.195 321.084 319.973 318.862 317.752 316.641 315.53 314.419 313.308 309.13 304.953 300.775 296.597 292.419 288.241 284.063 279.885 279.176 278.466 277.756 277.046 276.336 275.626 274.916 274.206 272.218 270.229 268.241 266.252 264.264 262.275 260.286 258.298 256.479 254.66 252.841 251.023 249.204 247.385 245.566 243.747 241.069 238.39 235.712 233.034 230.355 227.677 224.998 222.32 222.825 223.33 223.835 224.341 224.846 225.351 225.856 226.362
324.466 326.569 324.346 325.669 325.638 328.397 324.586 325.454 323.252 323.018 321.263 323.965 323.818 323.272 319.882 319.858 319.119 317.794 312.446 309.682 306.259 303.071 298.831 296.282 291.921 289.048 282.16 284.955 282.229 281.79 279.288 280.537 277.462 276.247 274.955 277.884 273.725 275.078 267.657 268.574 266.769 262.947 258.8 263.91 259.043 258.278 254.166 253.847 250.511 250.12 243.832 243.688 239.198 238.34 233.42 233.213 230.807 228.151 222.847 224.302 224.251 226.497 224.291 227.085 228.398 228.583 224.602
