Final Tests/testGrid.grd
ncols 257
nrows 257
xllcorner 0
yllcorner 0
cellsize 10
[rows 210 to 239 of 257, columns 0 to 66 of 257]
64.1016 70.7623 77.423 80.3164 83.2098 91.9062 100.603 100.232 99.8623 104.078 108.294 110.794 113.295 116.655 120.016 121.481 122.947 129.173 135.4 136.183 136.966 140.483 144 144.336 144.672 151.054 157.436 158.489 159.542 161.705 163.869 163.935 164.002 169.462 174.922 178.062 181.202 184.506 187.809 189.778 191.747 196.143 200.538 202.041 203.545 206.542 209.54 212.36 215.179 218.45 221.72 222.562 223.403 225.142 226.881 227.527 228.172 232.151 236.131 237.825 239.519 240.248 240.977 240.945 240.914 242.996 245.078
64.1211 73.2292 76.4993 84.4982 85.1103 93.4586 98.2963 106.548 102.416 107.544 109.511 112.56 114.892 119.272 119.241 121.092 121.696 129.616 132.366 135.122 137.593 140.502 142.397 146.343 144.021 150.296 155.271 158.338 161.193 162.166 163.021 163.794 162.752 170.2 173.341 180.34 181.609 185.63 186.714 190.907 190.485 198.961 197.307 204.148 201.237 204.816 206.581 210.981 211.747 215.427 217.475 221.259 220.775 226.698 223.244 229.632 224.62 231.495 232.619 242.641 238.332 241.388 238.105 239.373 237.117 241.279 240.747
64.1406 69.8582 75.5757 81.2932 87.0108 91.5004 95.99 100.48 104.969 107.849 110.729 113.608 116.488 117.478 118.467 119.456 120.445 124.889 129.333 133.776 138.22 139.507 140.795 142.082 143.369 148.238 153.107 157.975 162.844 162.508 162.173 161.837 161.502 166.631 171.759 176.888 182.017 183.818 185.619 187.42 189.222 191.649 194.076 196.503 198.93 201.277 203.623 205.969 208.315 210.773 213.23 215.688 218.146 218.877 219.607 220.338 221.068 225.087 229.107 233.126 237.145 236.189 235.233 234.276 233.32 234.868 236.417
64.1602 72.9384 78.4126 83.1625 87.6833 100.402 100.841 105.117 107.523 116.219 113.179 115.094 116.194 117.828 117.962 126.045 119.195 126.933 130.502 135.999 135.691 142.342 141.391 142.323 142.718 149.26 152.699 161.921 159.291 164.009 162.772 162.604 160.252 168.859 172.822 176.477 179.096 183.134 186.425 189.186 187.959 192.385 193.853 197.897 196.542 198.948 201.059 204.179 204.883 207.678 210.012 214.511 213.79 217.297 217.359 219.436 217.516 222.726 224.843 228.007 230.983 232.547 232.367 233.71 229.523 232.035 232.019
64.1797 72.7146 81.2494 84.8027 88.3559 97.0241 105.692 107.884 110.076 112.853 115.629 115.765 115.901 116.679 117.457 117.7 117.944 124.808 131.672 132.417 133.162 137.574 141.987 142.026 142.066 147.178 152.29 154.014 155.738 159.555 163.372 161.187 159.002 166.443 173.884 175.03 176.176 181.703 187.231 186.963 186.696 190.163 193.631 193.892 194.154 196.325 198.495 199.973 201.45 204.122 206.793 208.114 209.435 212.273 215.111 214.538 213.964 217.272 220.58 222.7 224.821 227.161 229.501 227.613 225.726 226.673 227.62
64.1992 74.2625 79.1046 85.1977 89.0285 100.336 104.067 109.072 112.63 115.434 115.439 116.045 115.607 116.98 116.417 118.765 116.693 122.456 126.722 128.828 130.632 136.139 138.21 144.131 141.415 145.671 148.494 151.724 152.185 156.1 157.969 161.686 157.751 165.741 168.651 171.834 173.256 178.49 182.242 187.35 185.433 189.109 190.202 193.667 191.766 194.338 195.238 197.013 198.018 202.074 202.224 206.787 205.079 207.303 209.451 211.772 210.412 214.9 215.129 217.816 218.658 223.328 222.407 223.547 221.929 224.072 222.802
64.2188 70.5893 76.9599 83.3304 89.701 96.0716 102.442 108.813 115.183 115.216 115.248 115.281 115.313 115.345 115.378 115.41 115.443 118.608 121.773 124.938 128.103 131.268 134.433 137.598 140.763 142.73 144.698 146.665 148.632 150.599 152.567 154.534 156.501 159.96 163.419 166.877 170.336 173.794 177.253 180.712 184.17 185.472 186.774 188.076 189.378 190.68 191.982 193.284 194.586 196.12 197.654 199.189 200.723 202.257 203.792 205.326 206.86 208.269 209.678 211.087 212.496 213.905 215.314 216.723 218.132 218.057 217.983
64.2383 72.9534 80.1025 85.7113 89.2316 97.6672 100.371 107.867 111.399 113.133 113.629 116.985 114.251 118.286 116.816 115.653 114.192 121.352 121.796 125.674 128.612 133.267 135.439 140.711 138.914 142.068 143.954 148.813 147.428 152.11 152.54 156.398 155.251 163.615 163.854 166.34 168.538 176.272 177.277 180.883 180.751 187.144 186.6 188.589 186.318 190.792 191.29 193.222 191.153 197.145 199.344 199.358 198.783 200.614 201.736 205.448 203.183 208.858 211.18 212.325 211.992 216.993 215.807 217.644 214.335 218.312 216.88
64.2578 73.7515 83.2452 86.0037 88.7622 93.5315 98.3007 102.957 107.614 109.812 112.01 112.6 113.189 115.721 118.254 115.598 112.941 117.38 121.819 125.469 129.12 132.783 136.445 136.755 137.064 140.137 143.21 144.717 146.223 149.368 152.513 153.257 154.001 159.145 164.288 165.514 166.739 172.02 177.3 177.316 177.331 181.878 186.425 184.841 183.257 186.928 190.598 189.16 187.721 194.377 201.033 198.938 196.843 198.261 199.68 199.593 199.506 206.093 212.681 212.085 211.488 213.894 216.301 213.419 210.538 213.157 215.777
64.2773 75.4233 79.6527 84.1898 88.2928 96.7317 96.1174 101.784 103.829 110.699 108.782 111.294 112.127 118.116 114.503 114.134 111.691 120.297 121.054 127.678 129.629 135.051 134.098 138.79 135.215 140.368 140.9 145.66 145.019 149.115 150.085 157.613 152.751 161.169 160.805 164.693 164.941 171.448 172.059 173.127 173.912 177.672 180.12 180.866 180.197 185.634 184.798 187.836 184.289 191.481 193.971 198.734 194.903 196.806 196.118 197.965 195.828 201.813 206.999 210.775 210.985 213.388 211.506 213.082 206.741 211.378 209.632
64.2969 70.1785 76.0602 81.9418 87.8234 90.8788 93.9341 96.9894 100.045 102.8 105.555 108.31 111.064 110.908 110.752 110.596 110.44 115.364 120.289 125.213 130.137 130.944 131.752 132.559 133.366 135.978 138.59 141.203 143.815 145.736 147.658 149.579 151.501 154.411 157.322 160.232 163.143 164.98 166.817 168.655 170.492 172.153 173.814 175.476 177.137 178.067 178.997 179.927 180.857 183.883 186.91 189.937 192.963 192.76 192.557 192.354 192.151 196.733 201.316 205.898 210.481 208.597 206.712 204.828 202.944 203.215 203.486
64.3164 71.4554 75.0411 81.9057 84.5277 90.5435 91.395 97.0587 96.2601 104.098 101.956 107.547 107.091 110.815 111.761 114.14 109.189 117.405 120.896 123.991 126.529 130.718 132.489 135.685 131.517 135.575 138.062 140.487 141.92 147.426 146.776 148.778 150.25 156.865 157.723 164.969 160.271 166.609 168.903 168.314 167.072 171.554 170.246 172.264 173.345 177.826 176.819 177.733 177.424 185.222 183.402 186.002 187.793 191.531 191.19 190.51 188.474 193.084 197.232 200.884 203.51 207.012 203.38 202.43 199.146 203.493 202.548
64.3359 69.179 74.0221 77.6271 81.232 85.0439 88.8558 90.6657 92.4755 95.4167 98.3579 100.738 103.118 107.944 112.77 110.354 107.939 114.721 121.503 122.212 122.92 128.073 133.226 131.447 129.667 133.601 137.535 138.78 140.025 142.96 145.895 147.448 149 153.562 158.124 157.762 157.4 164.194 170.988 167.321 163.653 165.165 166.677 168.115 169.554 172.098 174.641 174.317 173.992 176.944 179.895 181.259 182.624 186.223 189.822 187.309 184.796 188.972 193.148 194.844 196.54 198.293 200.047 197.698 195.349 198.479 201.609
64.3555 68.9175 71.7649 75.1177 77.9363 82.8524 84.3146 91.2347 88.6909 91.5434 94.1985 96.7818 99.145 107.672 106.537 109.234 106.688 111.421 116.037 120.911 119.312 126.599 127.031 128.393 127.818 133.559 134.318 138.09 138.129 144.296 143.631 146.409 147.75 153.232 153.601 156.326 154.528 160.405 162.612 162.64 160.233 161.739 163.034 165.364 165.762 170.094 169.595 171.018 170.56 174.042 174.801 179.11 177.454 187.271 182.343 183.574 181.119 186.806 186.584 191.637 189.569 191.736 192.612 193.866 191.552 198.526 194.452
64.375 66.9414 69.5078 72.0742 74.6406 77.207 79.7734 82.3398 84.9062 87.4726 90.039 92.6055 95.1719 97.7383 100.305 102.871 105.437 108.004 110.57 113.137 115.703 118.27 120.836 123.402 125.969 128.535 131.102 133.668 136.234 138.801 141.367 143.934 146.5 147.789 149.078 150.368 151.657 152.946 154.235 155.525 156.814 158.103 159.392 160.682 161.971 163.26 164.549 165.838 167.128 168.417 169.706 170.995 172.285 173.574 174.863 176.152 177.442 178.731 180.02 181.309 182.598 183.888 185.177 186.466 187.755 187.525 187.294
64.3945 69.6357 71.4605 77.8292 75.8547 80.7437 83.2264 85.3382 85.4344 92.0467 94.01 102.529 100.495 105.438 104.008 108.563 106.037 111.674 113.432 118.361 118.622 124.457 124.976 133.134 126.083 132.012 132.834 136.842 135.424 139.987 140.495 143.401 143.973 147.12 147.583 151.279 150.166 153.388 153.799 155.842 155.057 158.224 160.374 165.913 164.491 166.856 166.432 167.316 165.549 169.519 169.382 170.661 170.385 175.582 173.424 175.418 174.949 178.272 178.92 183.241 180.177 185.689 183.549 185.081 183.958 184.783 185.162
64.4141 68.9137 73.4133 75.241 77.0688 81.8741 86.6794 86.321 85.9625 91.9717 97.9809 101.9 105.818 106.765 107.712 107.174 106.636 111.465 116.294 118.917 121.54 125.328 129.117 127.657 126.198 130.383 134.567 134.591 134.614 137.118 139.622 140.534 141.445 143.767 146.088 147.381 148.674 151.018 153.362 153.331 153.301 157.329 161.357 164.184 167.011 167.662 168.314 166.142 163.971 166.515 169.058 168.772 168.486 170.236 171.986 172.221 172.456 175.138 177.82 177.787 177.755 179.838 181.921 181.041 180.161 181.595 183.029
64.4336 73.7329 72.6942 76.7613 78.2829 83.2294 84.9687 87.4109 86.4907 96.0163 99.8614 106.392 111.142 110.573 109.931 110.183 107.236 112.161 116.95 122.942 124.459 128.789 128.009 128.676 126.313 130.064 132.139 133.608 133.803 138.108 137.157 141.24 138.918 142.03 143.565 151.385 147.183 157.65 150.551 151.613 151.544 157.113 161.138 170.666 169.531 169.368 167.373 165.503 162.392 166.842 165.905 168.192 166.587 167.821 169.033 169.585 169.964 174.001 174.005 180.048 175.333 177.047 177.33 179.774 176.364 181.342 180.513
64.4531 68.2141 71.975 75.736 79.497 81.3774 83.2579 85.1384 87.0189 94.3803 101.742 109.103 116.465 114.307 112.15 109.993 107.835 112.721 117.606 122.492 127.377 127.14 126.902 126.665 126.427 128.069 129.71 131.352 132.993 133.842 134.692 135.541 136.391 138.716 141.041 143.366 145.691 146.715 147.739 148.764 149.788 155.353 160.919 166.485 172.051 169.242 166.432 163.623 160.814 161.782 162.751 163.719 164.688 165.384 166.08 166.775 167.471 168.831 170.191 171.552 172.912 172.826 172.739 172.653 172.567 175.282 177.996
64.4727 69.8491 72.1855 81.616 78.8306 87.0801 83.5525 90.582 87.547 99.2977 101.672 111.864 112.269 113.162 110.981 111.228 108.435 113.425 118.123 122.527 125.173 128.613 129.44 129.088 126.542 129.906 130.091 132.366 131.391 134.389 135.677 135.836 133.863 137.378 139.227 141.769 142.899 149.174 148.05 149.001 148.031 153.464 157.751 162.692 166.196 166.837 165.909 163.814 159.235 161.993 163.089 167.505 162.516 170.007 166.498 168.494 164.978 167.819 167.433 168.56 169.044 173.425 172.735 172.35 168.77 174.643 174.566
64.4922 68.444 72.3959 75.28 78.1642 81.0056 83.8471 85.9611 88.0752 94.8391 101.603 104.838 108.074 108.942 109.811 109.423 109.034 113.837 118.64 120.804 122.968 127.473 131.977 129.317 126.657 128.564 130.472 130.13 129.788 133.225 136.662 133.999 131.336 134.374 137.412 138.759 140.106 144.233 148.361 147.317 146.274 150.429 154.583 157.462 160.341 162.863 165.385 161.521 157.657 160.542 163.427 161.886 160.344 163.631 166.917 164.702 162.486 163.58 164.674 164.925 165.176 168.953 172.731 168.852 164.973 168.054 171.135
64.5117 70.5739 71.5386 74.5479 77.4978 81.6289 83.4143 88.8192 88.6033 94.8226 98.0049 102.02 103.878 111.884 107.384 110.298 109.634 114.153 116.518 122.129 120.764 125.71 127.35 127.881 126.771 130.35 128.603 132.313 128.186 129.904 131.547 131.307 128.809 136.191 133.907 135.861 137.314 141.947 143.501 147.738 144.518 148.513 150.139 153.419 154.486 159.616 158.475 157.652 156.079 158.882 159.339 159.916 158.172 163.739 161.834 161.54 159.993 160.924 161.072 164.217 161.308 165.236 165.07 166.031 161.176 163.732 165.568
64.5312 67.6063 70.6813 73.7563 76.8314 79.9064 82.9814 86.0565 89.1315 91.7692 94.4069 97.0446 99.6824 102.32 104.958 107.596 110.233 112.315 114.396 116.478 118.56 120.641 122.723 124.804 126.886 126.81 126.735 126.659 126.584 126.508 126.432 126.357 126.281 128.341 130.401 132.461 134.521 136.581 138.641 140.701 142.761 144.229 145.696 147.163 148.631 150.098 151.565 153.033 154.5 154.875 155.25 155.625 156 156.375 156.751 157.126 157.501 157.485 157.47 157.455 157.44 157.425 157.409 157.394 157.379 158.69 160.002
64.5508 68.1527 71.5268 78.1889 77.7843 85.4991 85.5362 88.5502 89.2223 93.2483 96.715 100.068 102.633 105.855 107.372 114.129 110.833 117.071 118.553 123.573 121.065 128.261 127.389 130.239 124.844 128.181 125.629 126.845 125.649 131.276 126.985 127.58 123.754 128.548 128.27 134.05 132.495 140.122 136.911 139.066 140.412 145.545 147.864 150.323 147.092 150.653 151.771 153.235 152.922 154.091 154.294 157.558 153.903 158.773 157.969 158.272 154.618 158.908 158.062 157.457 154.439 156.03 154.184 160.339 153.582 157.313 158.063
64.5703 68.4713 72.3722 75.5547 78.7372 83.414 88.0909 88.702 89.3132 94.1681 99.023 102.303 105.584 107.685 109.786 110.609 111.432 117.071 122.71 123.14 123.571 127.813 132.056 127.428 122.801 123.662 124.522 124.618 124.715 126.126 127.537 124.382 121.227 123.682 126.138 128.304 130.47 132.825 135.181 136.622 138.063 144.047 150.032 147.792 145.552 148.764 151.976 151.659 151.343 152.34 153.337 152.571 151.805 155.497 159.188 155.461 151.735 155.195 158.655 155.047 151.438 151.199 150.959 150.372 149.785 152.955 156.124
64.5898 69.6509 72.4992 77.041 79.6901 83.2227 86.5799 88.9772 89.404 96.5334 99.7565 109.604 108.534 110.328 110.922 114.064 112.032 120.67 121.658 125.331 126.077 129.308 127.852 124.58 120.758 123.539 122.651 123.244 123.78 128.235 123.523 127.015 118.699 121.608 123.717 132.666 128.444 131.078 132.536 135.103 135.714 142.875 143.976 144.037 144.013 146.632 148.653 151.567 149.765 152.704 150.618 151.193 149.708 153.994 152.989 151.427 148.852 152.485 152.179 151.905 148.438 152.568 147.386 149.035 145.988 149.902 153.536
64.6094 68.6178 72.6262 76.6346 80.643 82.856 85.0689 87.2819 89.4949 94.9924 100.49 105.988 111.485 111.772 112.058 112.345 112.631 116.619 120.607 124.595 128.583 126.116 123.649 121.183 118.716 119.748 120.781 121.813 122.846 121.177 119.509 117.84 116.172 118.733 121.295 123.856 126.418 128.155 129.891 131.628 133.364 135.642 137.919 140.197 142.474 143.902 145.33 146.758 148.186 148.042 147.898 147.754 147.611 147.2 146.79 146.379 145.969 145.836 145.703 145.57 145.437 144.626 143.814 143.002 142.191 146.569 150.948
64.6289 70.4532 74.1615 78.4885 79.8005 84.428 85.5059 93.3738 89.5857 100.558 101.338 106.763 109.225 110.553 111.46 117.27 113.231 118.237 121.245 124.576 124.634 125.49 123.119 122.36 116.673 119.673 118.249 120.598 119.21 122.49 119.943 118.21 113.645 118.127 119.866 122.216 123.567 126.646 128.213 129.757 131.015 135.129 137.767 139.664 140.086 144.713 145.968 148.343 146.608 149.692 146.537 146.866 145.247 147.589 147.202 150.806 143.086 143.324 143.467 144.159 141.758 141.753 140.58 145.615 138.394 143.231 147.592
64.6484 70.1726 75.6968 77.3274 78.9579 82.4504 85.9429 87.8097 89.6765 95.9308 102.185 104.575 106.964 108.913 110.861 112.345 113.83 117.856 121.883 121.284 120.685 121.636 122.588 118.609 114.631 115.174 115.716 115.646 115.575 117.976 120.377 115.747 111.117 114.777 118.438 119.577 120.717 123.626 126.535 127.601 128.666 133.14 137.614 137.656 137.697 142.151 146.605 145.817 145.029 145.103 145.176 144.029 142.883 145.249 147.615 143.909 140.203 140.717 141.232 139.655 138.079 137.712 137.346 135.971 134.597 139.416 144.236
64.668 71.2108 73.3385 79.7355 78.1154 81.4626 84.7542 89.8305 89.7674 98.3435 99.168 102.989 104.704 107.692 109.799 112.937 114.43 120.042 117.895 118.09 116.736 119.648 117.127 115.407 112.588 116.118 112.571 112.713 111.939 113.695 113.78 111.754 108.59 112.966 114.488 118.27 117.866 124.137 123.013 125.063 126.317 131.673 133.029 135.02 135.309 142.901 142.001 142.987 143.451 147.117 142.595 148.018 140.519 143.452 141.956 142.83 137.32 137.728 136.905 139.182 134.399 134.839 133.104 137.495 130.8 134.257 137.304
