Final Tests/testGrid2.grd
ncols 257
nrows 257
xllcorner 0
yllcorner 0
cellsize 10
[rows 30 to 59 of 257, columns 0 to 66 of 257]
159.531 226.906 294.281 290.013 285.744 305.858 325.971 330.671 335.372 394.851 454.331 439.824 425.317 422.125 418.933 412.946 406.96 433.943 460.925 479.797 498.668 530.449 562.23 542.909 523.588 568.147 612.706 609.371 606.035 632.453 658.871 648.835 638.798 702.315 765.832 727.49 689.148 708.537 727.927 717.322 706.716 725.365 744.014 727.35 710.686 725.777 740.868 719.576 698.285 746.338 794.391 791.768 789.145 824.129 859.112 819.047 778.981 799.467 819.954 815.519 811.085 839.758 868.43 809.202 749.974 799.835 849.696
159.516 201.273 242.864 285.377 254.569 328.78 290.655 311.96 311.329 391.069 386.781 400.983 388.248 404.612 401.029 415.988 411.016 474.693 453.972 492.025 488.816 564.463 536.57 544.979 533.222 565.558 593.755 631.366 606.392 636.991 648.784 743.087 654.72 720.241 721.941 732.974 687.302 737.822 710.396 773.282 703.494 754.52 725.846 723.022 712.886 763.132 731.68 750.531 714.092 749.863 765.849 767.227 766.929 802.132 805.616 805.786 769.254 799.105 793.444 800.14 792.713 841.013 825.089 813.405 769.565 822.698 864.889
159.5 175.473 191.446 207.42 223.393 239.366 255.339 271.312 287.286 303.259 319.232 335.205 351.179 367.152 383.125 399.098 415.071 431.045 447.018 462.991 478.964 494.937 510.911 526.884 542.857 558.83 574.803 590.777 606.75 622.723 638.696 654.669 670.643 674.346 678.05 681.753 685.457 689.16 692.864 696.567 700.271 703.974 707.678 711.381 715.085 718.788 722.492 726.196 729.899 733.603 737.306 741.01 744.713 748.417 752.12 755.824 759.527 763.231 766.934 770.638 774.341 778.045 781.748 785.452 789.155 834.618 880.081
159.484 197.248 196.433 220.283 229.83 276.42 263.119 291.3 294.227 394.533 344.469 385.557 372.367 438.557 429.242 451.204 424.507 527.032 479.167 523.943 516.768 536.175 549.405 608.066 568.495 606.58 618.925 641.318 623.354 650.248 661.381 689.489 674.295 719.658 700.699 733.628 719.286 726.761 734.064 780.98 740.366 771.322 775.999 816.79 770.208 819.449 763.783 766.84 756.157 806.48 798.104 788.777 778.046 802.54 789.571 829.783 791.538 846.488 837.358 849.35 857.314 915.145 859.753 892.855 808.746 875.581 917.19
159.469 180.444 201.419 218.843 236.267 253.583 270.899 286.034 301.169 335.437 369.705 381.63 393.555 434.457 475.358 454.65 433.942 472.629 511.315 532.944 554.572 571.236 587.9 591.016 594.132 628.589 663.046 651.502 639.958 662.012 684.065 681.007 677.948 700.648 723.349 738.232 753.114 764.19 775.265 777.863 780.461 812.39 844.319 834.825 825.332 815.203 805.075 793.745 782.415 820.659 858.903 835.14 811.378 819.2 827.021 825.285 823.549 865.665 907.782 924.034 940.287 939.023 937.758 883.048 828.337 891.318 954.299
159.453 214.119 202.854 249.431 242.704 272.531 276.498 311.308 308.111 390.793 372.599 419.622 414.744 464.073 459.865 507.656 443.377 501.479 526.406 573.867 592.376 618.082 612.847 638.14 619.769 674.145 661.166 699.925 656.562 719.42 681.637 711.673 681.601 736.451 738.181 781.579 786.943 814.238 807.988 830.918 820.557 876.91 871.217 888.744 880.455 865.413 845.165 831.293 808.673 835.108 857.695 862.051 844.711 870.431 854.914 863.383 855.559 932.585 952.341 1025.59 1023.26 1035.97 962.317 923.071 847.928 925.44 980.288
159.438 181.863 204.289 226.715 249.141 265.619 282.097 298.574 315.052 345.272 375.492 405.712 435.932 440.152 444.372 448.592 452.812 497.154 541.496 585.838 630.18 633.987 637.793 641.6 645.407 652.347 659.286 666.226 673.166 676.188 679.21 682.232 685.254 719.133 753.013 786.892 820.772 830.742 840.712 850.682 860.652 879.383 898.115 916.847 935.578 910.416 885.254 860.092 834.93 845.709 856.487 867.265 878.043 880.425 882.806 885.188 887.57 942.235 996.901 1051.57 1106.23 1046.55 986.875 927.197 867.519 936.898 1006.28
159.422 205.166 211.758 278.827 249.63 312.406 312.168 358.72 321.994 388.275 388.021 482.958 431.121 493.184 464.94 496.521 462.248 517.275 556.01 601.458 627.449 656.477 659.533 697.612 671.044 743.719 744.479 736.581 685.852 697.351 695.176 696.087 688.906 736.578 775.541 840.77 830.691 858.541 882.676 912.752 900.747 940.935 929.485 938.48 946.808 937.256 905.301 926.676 861.188 884.864 906.578 905.645 902.979 960.911 937.774 934.533 919.58 1027.5 1018.44 1068.69 1074.86 1044.47 1010.98 953.987 887.109 1000.61 1051.19
159.406 189.317 219.227 234.673 250.119 296.179 342.24 335.587 328.935 364.742 400.549 413.429 426.309 455.908 485.507 478.595 471.683 521.103 570.523 597.62 624.718 652.995 681.272 688.977 696.682 763.177 829.672 764.105 698.538 704.84 711.141 701.85 692.559 745.314 798.069 819.34 840.61 882.625 924.64 932.741 940.842 950.849 960.855 959.446 958.038 941.692 925.347 906.396 887.446 922.058 956.669 942.292 927.915 960.328 992.741 972.166 951.591 995.789 1039.99 1041.74 1043.49 1039.28 1035.08 970.889 906.7 1001.4 1096.11
159.391 194.526 212.232 282.069 250.608 337.869 319.599 370.168 335.877 407.102 390.151 450.459 421.498 469.027 469.563 498.573 481.118 531.874 562.714 605.248 621.986 674.946 682.439 730.516 722.319 763.042 782.803 749.513 711.224 727.233 711.515 720.814 696.212 749.26 789.113 865.453 850.53 904.159 932.69 977.03 980.938 1007.28 980.81 1023.89 969.268 999.601 942.788 941.403 913.704 952.893 957.772 964.362 952.851 986.027 994.72 1073.18 983.602 1024.84 1019.08 1085.99 1012.12 1036.02 999.196 967.658 926.291 1051.38 1067.14
159.375 182.305 205.236 228.166 251.097 274.027 296.958 319.888 342.819 361.285 379.752 398.219 416.686 435.153 453.62 472.087 490.554 522.729 554.904 587.08 619.255 651.43 683.606 715.781 747.956 741.945 735.933 729.922 723.911 717.899 711.888 705.876 699.865 740.011 780.157 820.303 860.449 900.595 940.741 980.887 1021.03 1010.9 1000.77 990.631 980.497 970.363 960.23 950.096 939.962 949.418 958.875 968.331 977.787 987.243 996.7 1006.16 1015.61 1006.9 998.18 989.463 980.747 972.031 963.314 954.598 945.882 992.026 1038.17
159.359 197.675 220.543 247.101 264.284 296.397 317.968 334.018 345.297 385.346 407.319 458.838 458.677 494.513 496.825 513.083 499.989 603.135 584.293 617.968 645.426 688.615 718.066 726.932 735.407 763.676 741.454 747.701 725.996 722.88 717.364 718.626 703.517 801.793 803.337 840.537 866.418 918.333 941.615 992.952 1010.85 1058.49 1029.32 1047.36 1037.57 1085.96 1026.71 1022.51 966.22 1052.08 1012.83 1014.77 1013.56 1036.36 1053.35 1093.17 1029.45 1040.29 1032.18 1029.91 1004.12 1014.04 997.851 1021.84 965.473 1032.65 1082.34
159.344 197.597 235.85 256.661 277.471 308.225 338.978 343.376 347.775 391.33 434.886 467.776 500.667 520.349 540.03 524.727 509.424 561.553 613.682 642.639 671.597 712.061 752.525 737.692 722.858 734.916 746.975 737.529 728.082 725.461 722.84 715.005 707.17 766.844 826.518 849.452 872.387 907.438 942.489 971.576 1000.66 1029.27 1057.87 1076.26 1094.65 1093.92 1093.19 1042.83 992.478 1029.63 1066.79 1058.06 1049.34 1079.67 1110 1076.64 1043.29 1054.73 1066.17 1046.83 1027.49 1029.94 1032.39 1008.73 985.063 1055.79 1126.51
159.328 199.483 233.715 298.887 290.659 352.285 333.633 366.414 350.253 427.498 451.788 515.913 542.658 560.818 548.251 598.063 518.859 606.963 619.899 661.553 697.767 724.995 731.687 735.185 710.308 757.998 730.991 745.075 730.168 743.846 723.102 718.352 710.823 780.394 812.959 908.664 878.356 918.769 937.399 988.221 990.479 1038.14 1076.21 1126.17 1151.72 1141.92 1110.04 1097.22 1018.74 1085.16 1074.86 1101.56 1085.11 1100.48 1102.96 1103.51 1057.13 1079.09 1069.39 1083.24 1050.86 1089.92 1040.81 1060.48 1004.65 1087.17 1168.29
159.312 195.446 231.579 267.713 303.846 316.067 328.288 340.51 352.731 410.71 468.69 526.669 584.648 570.56 556.471 542.383 528.295 577.206 626.116 675.027 723.938 717.393 710.848 704.304 697.759 706.383 715.007 723.63 732.254 727.81 723.365 718.92 714.476 756.938 799.401 841.863 884.325 908.318 932.31 956.302 980.294 1037.42 1094.55 1151.67 1208.8 1167.85 1126.9 1085.94 1044.99 1063.97 1082.94 1101.91 1120.88 1108.4 1095.92 1083.44 1070.96 1071.78 1072.6 1073.42 1074.24 1061.74 1049.24 1036.74 1024.24 1117.16 1210.07
159.297 235.527 236.333 289.245 293.121 333.199 332.15 366.023 355.209 420.288 468.832 514.416 554.571 578.457 600.452 609.445 537.73 647.13 630.193 665.356 694.653 701.509 701.704 725.216 685.209 727.154 723.175 737.859 721.272 739.637 747.362 771.129 718.128 793.051 824.636 857.462 871.824 897.367 922.839 955.534 970.11 1097.76 1091.52 1157.13 1167.8 1156.68 1126.37 1109.96 1071.25 1114.79 1114.16 1146.62 1125.21 1161.19 1118.27 1188.92 1084.8 1129.07 1112.8 1103.05 1084.29 1089.03 1065.92 1056.8 1043.84 1177.85 1242.95
159.281 200.184 241.087 261.742 282.396 309.204 336.012 346.849 357.687 413.331 468.975 496.734 524.494 584.463 644.432 595.799 547.165 590.718 634.271 649.819 665.368 678.964 692.561 682.61 672.66 702.001 731.343 720.816 710.289 740.824 771.359 746.57 721.781 785.827 849.872 854.598 859.323 886.345 913.367 936.646 959.925 1024.21 1088.5 1107.65 1126.79 1126.32 1125.84 1111.67 1097.51 1121.44 1145.38 1137.45 1129.53 1135.07 1140.62 1119.63 1098.64 1125.82 1153 1123.68 1094.35 1088.47 1082.59 1073.01 1063.43 1169.63 1275.84
159.266 226.424 225.593 293.979 271.671 313.214 323.903 355.319 360.165 459.849 441.233 511.366 494.417 566.149 579.81 579.298 556.6 586.432 610.344 639.579 636.083 683.858 659.87 674.717 660.111 706.72 699.643 711.16 699.307 729.66 740.032 755.172 725.434 779.194 815.788 835.288 846.822 915.737 900.153 952.714 949.74 1008.02 1040.34 1065.75 1085.79 1100.5 1111.62 1133.55 1123.77 1168.08 1144.74 1147 1133.85 1152.43 1136.43 1165.49 1112.48 1140.83 1136.7 1140.33 1104.41 1105.22 1095.56 1119.34 1083.02 1175.33 1233
159.25 184.674 210.098 235.522 260.946 286.371 311.795 337.219 362.643 388.067 413.491 438.915 464.339 489.763 515.188 540.612 566.036 576.226 586.417 596.608 606.798 616.989 627.18 637.37 647.561 657.752 667.943 678.133 688.324 698.515 708.705 718.896 729.087 755.395 781.704 808.012 834.321 860.63 886.938 913.247 939.556 965.864 992.173 1018.48 1044.79 1071.1 1097.41 1123.72 1150.02 1147.06 1144.1 1141.13 1138.17 1135.21 1132.24 1129.28 1126.32 1123.35 1120.39 1117.43 1114.46 1111.5 1108.54 1105.57 1102.61 1146.39 1190.17
159.234 203.019 232.004 278.82 290.558 334.43 342.776 393.687 368.163 399.789 428.919 479.705 475.212 554.527 561.094 581.953 560.238 598.659 587.758 610.091 608.218 673.882 677.871 690.82 647.194 687.461 684.079 701.536 690.768 744.885 713.669 726.258 732.739 787.111 823.458 881.274 874.112 958.42 942.192 1012.28 991.726 1040.5 1062.35 1109.57 1094.4 1143.33 1130.08 1151.33 1147.01 1238.96 1171.07 1205.76 1174.57 1202.65 1227.68 1262.22 1185.57 1233.94 1185.76 1197.97 1185.88 1187.02 1181.71 1168.95 1122.2 1200.61 1220.35
159.219 206.564 253.909 287.04 320.17 346.963 373.757 373.72 373.683 409.015 444.348 465.216 486.085 546.543 607 580.72 554.439 571.769 589.099 599.368 609.637 669.099 728.562 687.695 646.827 673.521 700.215 696.714 693.212 705.922 718.632 727.512 736.392 800.802 865.213 889.558 913.903 955.674 997.445 1020.67 1043.9 1088.21 1132.53 1138.27 1144.01 1153.38 1162.74 1153.37 1144 1171.02 1198.05 1204.51 1210.97 1267.05 1323.12 1283.97 1244.82 1247.98 1251.13 1254.22 1257.31 1256.09 1254.88 1198.34 1141.79 1196.16 1250.52
159.203 213.345 261.6 326.092 349.782 398.16 377.907 413.406 379.202 440.277 445.312 492.222 496.958 548.404 566.169 593.739 548.641 598.235 583.379 608.433 611.056 663.361 678.923 694.178 646.46 694.872 686.156 711.107 695.656 740.38 719.766 743.149 740.045 837.481 866.902 945.355 953.695 1004.51 1034.15 1070.12 1096.07 1159.05 1164.13 1202.33 1193.62 1197.19 1176.67 1189.84 1140.98 1205.52 1204.46 1263.69 1247.37 1314.23 1323.33 1359.64 1304.07 1348.41 1316.43 1331.29 1328.73 1333.72 1272.72 1220.08 1161.38 1243.9 1275.07
159.188 214.239 269.291 324.342 379.394 380.726 382.058 383.39 384.722 415.5 446.277 477.054 507.831 516.584 525.337 534.09 542.843 560.251 577.659 595.067 612.476 620.88 629.285 637.689 646.094 659.095 672.097 685.099 698.1 709.5 720.899 732.298 743.698 806.145 868.592 931.039 993.486 1032.17 1070.86 1109.55 1148.24 1171.98 1195.73 1219.48 1243.23 1216.91 1190.6 1164.28 1137.97 1174.42 1210.87 1247.32 1283.77 1303.66 1323.55 1343.44 1363.32 1372.53 1381.74 1390.94 1400.15 1345.35 1290.56 1235.77 1180.97 1240.3 1299.62
159.172 237.369 290.117 348.744 355.286 377.611 378.107 405.846 390.242 446.521 445.435 494.619 496.68 535.855 565.644 563.695 537.045 581.927 586.492 604.552 604.891 643.11 647.95 679.746 645.727 671.014 686.929 696.26 698.942 729.171 748.588 788.21 747.35 833.697 906.706 965.004 1009.52 1128.4 1123.35 1169.84 1200.41 1239.04 1263.16 1254.28 1242.78 1301.13 1192.67 1169 1134.95 1196.37 1251.7 1329.19 1303.61 1380.16 1375.74 1403.34 1422.58 1459.53 1426.67 1424.01 1407.57 1379.92 1316.88 1304.4 1200.56 1338.16 1370.18
159.156 235.05 310.943 321.061 331.178 352.667 374.156 384.959 395.762 420.178 444.593 465.061 485.529 545.74 605.951 568.599 531.247 563.286 595.325 596.316 597.307 631.961 666.616 655.988 645.36 673.561 701.761 700.773 699.784 738.03 776.277 763.64 751.003 847.912 944.821 985.185 1025.55 1100.69 1175.84 1214.21 1252.58 1291.58 1330.59 1286.46 1242.32 1218.53 1194.73 1163.34 1131.94 1212.24 1292.54 1307.99 1323.44 1375.69 1427.93 1454.88 1481.83 1476.72 1471.61 1443.3 1414.99 1379.09 1343.19 1281.67 1220.15 1330.45 1440.74
159.141 213.485 265.994 340.981 307.071 334.573 359.519 425.126 401.282 438.786 439.804 539.38 474.377 526.076 548.695 553.247 525.449 553.422 573.11 596.689 589.723 646.438 639.999 652.376 644.993 699.222 687.404 698.811 700.625 727.172 753.082 754.761 754.656 852.296 926.391 1023.19 1041.58 1124.2 1191.55 1252.99 1304.75 1360.55 1314.88 1362.84 1241.87 1256.75 1189.2 1199.42 1128.92 1214.22 1268.53 1319.31 1343.28 1410.13 1454.83 1516.05 1541.08 1560.19 1493.35 1484.58 1422.41 1437.36 1343.89 1316.51 1239.74 1339.9 1391.58
159.125 190.085 221.044 252.004 282.963 313.923 344.883 375.842 406.802 420.908 435.014 449.12 463.226 477.332 491.438 505.544 519.65 535.272 550.894 566.516 582.138 597.76 613.382 629.004 644.626 658.836 673.047 687.257 701.467 715.677 729.888 744.098 758.308 833.134 907.96 982.786 1057.61 1132.44 1207.26 1282.09 1356.92 1328.04 1299.16 1270.29 1241.41 1212.54 1183.66 1154.79 1125.91 1185.21 1244.52 1303.82 1363.12 1422.42 1481.73 1541.03 1600.33 1557.71 1515.08 1472.46 1429.83 1387.21 1344.58 1301.96 1259.33 1300.88 1342.42
159.109 211.566 245.636 281.4 279.525 314.094 342.231 384.529 395.468 448.891 452.726 477.304 459.799 495.434 506.575 522.683 513.852 553.207 581.291 628.552 608.566 630.701 647.515 702.078 642.847 699.697 714.355 723.69 717.333 761.145 748.671 791.346 761.961 874.886 900.785 1006.19 1037.59 1118.49 1178.41 1256.42 1305.38 1367.62 1331.08 1298.15 1231.2 1225.94 1183.81 1202.6 1122.9 1195.57 1251 1327.84 1350.26 1429.85 1466.73 1521.36 1557.66 1545.72 1494.35 1506.59 1429.78 1412.78 1371.28 1345.34 1278.93 1358.48 1403.98
159.094 214.661 270.228 273.158 276.087 307.833 339.58 361.857 384.134 427.286 470.438 463.405 456.372 489.042 521.713 514.883 508.054 559.871 611.687 623.34 634.993 658.321 681.648 661.358 641.069 698.366 755.663 744.43 733.198 750.326 767.454 766.534 765.614 829.612 893.609 955.592 1017.57 1083.56 1149.55 1201.7 1253.85 1308.42 1362.99 1291.98 1220.98 1202.47 1183.96 1151.92 1119.88 1188.68 1257.48 1297.44 1337.4 1394.57 1451.73 1483.36 1514.98 1494.3 1473.62 1451.68 1429.73 1413.86 1397.98 1348.25 1298.52 1382.03 1465.54
159.078 206.678 242.183 312.583 272.649 338.384 327.459 409.887 372.801 409.025 437.965 488.154 452.945 502.952 497.35 514.853 502.256 572.509 601.92 701.092 661.421 683.636 672.164 662.18 639.29 741.434 728.441 749.181 749.063 769.69 768.189 811.094 769.267 894.31 884.418 973.447 997.555 1070.89 1106.86 1160.89 1202.32 1264.39 1269.33 1261.05 1210.76 1204.76 1170.58 1180.36 1116.87 1211.89 1235.12 1325.86 1324.54 1387.7 1411.19 1464.91 1472.31 1487.78 1451.63 1441.88 1429.68 1445.74 1390.82 1374.33 1318.11 1394.27 1440.66
