Final Tests/testGrid2.grd
ncols 257
nrows 257
xllcorner 0
yllcorner 0
cellsize 10
[rows 210 to 239 of 257, columns 67 to 133 of 257]
2220.6 2213 2208.47 2203.94 2186.86 2169.78 2174.75 2179.73 2178.78 2177.83 2207.19 2236.55 2195.46 2154.36 2171.42 2188.48 2173.18 2157.87 2158.43 2158.99 2123.82 2088.66 2105.61 2122.56 2080.93 2039.3 2036.94 2034.58 2000.44 1966.3 2021.51 2076.72 2088.17 2099.61 2124.53 2149.45 2166.29 2183.13 2224.79 2266.44 2296.82 2327.2 2387.66 2448.11 2404.9 2361.69 2366.29 2370.88 2326.89 2282.91 2249.31 2215.72 2125.54 2035.37 1996.41 1957.45 1902.24 1847.03 1827.46 1807.89 1725.27 1642.65 1723.53 1804.4 1869.15 1933.9 1990.02
2221.91 2188.2 2229.58 2163.54 2172.07 2126.33 2166.26 2136.81 2169.97 2141.36 2151.38 2160.46 2179.42 2109.11 2177.94 2140.96 2166.76 2140.44 2143.19 2119.43 2153.27 2062.69 2088.4 2067.99 2061.16 2014.72 2004.47 1988.89 1986.94 1931.29 1993.88 2023.65 2078.73 2072.24 2100.96 2109.41 2143.09 2138.5 2221.3 2222.68 2285.53 2295.59 2319.72 2343.78 2333.51 2288.3 2360.2 2303.6 2287.51 2270.31 2223.69 2163.04 2124.83 1999.19 1976.04 1916.16 1895.32 1816.86 1820.8 1745.2 1712.3 1610.49 1716.44 1781.79 1918.14 1936.96 2013.21
2145.74 2163.41 2143.28 2123.14 2103.01 2082.88 2088.38 2093.88 2099.38 2104.88 2094.63 2084.37 2074.11 2063.86 2078.65 2093.44 2108.23 2123.02 2101.44 2079.87 2058.3 2036.72 2025.08 2013.43 2001.79 1990.14 1966.67 1943.21 1919.74 1896.28 1933.43 1970.57 2007.72 2044.86 2057.12 2069.37 2081.62 2093.87 2136.4 2178.92 2221.45 2263.97 2251.71 2239.44 2227.18 2214.91 2225.62 2236.32 2247.02 2257.72 2184.04 2110.37 2036.69 1963.01 1918.94 1874.86 1830.78 1786.7 1734.61 1682.52 1630.42 1578.33 1668.75 1759.17 1849.59 1940.02 1969.93
2094.29 2100.82 2111.98 2081.66 2100.22 2039.42 2066.1 2061.3 2100.02 2052.65 2046.49 2040.08 2056.24 2018.6 2044.43 2064.84 2102.24 2069.22 2101.31 2085.32 2075.35 2010.76 2044.57 2032.7 2050.66 1953.74 1977.72 1953.32 1928.25 1861.27 1935.21 1940.82 1990.97 1992.59 2029.98 2021.01 2108.92 2049.24 2182.91 2157.13 2172.07 2177.57 2205.1 2162.02 2212.95 2141.53 2172.67 2169.95 2169.28 2160.75 2124.03 2047.54 2005.83 1926.84 1912.92 1850.44 1807.88 1748.52 1704.67 1653.12 1609.5 1546.17 1665.08 1777.18 1870.71 1882.57 1956.7
2032.3 2038.22 2039.2 2040.18 2018.08 1995.97 2012.35 2028.72 2014.57 2000.42 1998.1 1995.78 1984.57 1973.35 2004.8 2036.24 2025.84 2015.43 2053.1 2090.77 2037.78 1984.79 2018.38 2051.97 1984.65 1917.34 1940.39 1963.43 1894.84 1826.26 1868.66 1911.06 1925.7 1940.33 1956.49 1972.66 1988.64 2004.61 2069.97 2135.33 2113.25 2091.16 2087.88 2084.6 2076.37 2068.14 2085.87 2103.59 2083.69 2063.78 2024.25 1984.72 1937.69 1890.66 1858.34 1826.02 1768.19 1710.35 1667.03 1623.72 1568.86 1514.01 1654.6 1795.19 1810.15 1825.12 1900.59
2004.04 1975.63 2000.33 1975.62 1975.25 1952.52 1961.84 1965.62 1995.91 1948.19 1947.18 1942.59 1946.61 1928.1 1979.59 1965.79 2014.32 1961.64 2002.38 2005.56 1982.22 1958.82 1977.44 1970.33 1971.41 1880.94 1884.85 1881.91 1850.48 1791.24 1850.27 1853.54 1876.6 1888.06 1945.98 1924.11 1968.49 1959.98 2013.37 2026.09 2021.23 2004.76 2041.8 2002.23 2019.03 1994.75 2057.19 1999.6 2018.86 1966.81 1946.61 1914.39 1890.83 1854.48 1841.3 1776.09 1733.55 1672.17 1645.48 1582.78 1588.18 1481.84 1629.43 1687.57 1731.37 1767.67 1858.88
1914.03 1913.04 1912.05 1911.06 1910.07 1909.07 1905.8 1902.52 1899.24 1895.96 1892.68 1889.4 1886.13 1882.85 1889.1 1895.35 1901.6 1907.85 1914.1 1920.35 1926.6 1932.85 1910.78 1888.7 1866.62 1844.54 1822.47 1800.39 1778.31 1756.23 1776.12 1796.01 1815.9 1835.79 1855.68 1875.57 1895.46 1915.34 1916.1 1916.85 1917.6 1918.35 1919.11 1919.86 1920.61 1921.36 1908.48 1895.6 1882.72 1869.84 1856.95 1844.07 1831.19 1818.31 1772.23 1726.15 1680.07 1633.99 1587.92 1541.84 1495.76 1449.68 1514.82 1579.95 1645.09 1710.22 1775.35
1897.71 1873.08 1936.22 1896.25 1908.43 1863.34 1902.85 1874.55 1882.14 1867.04 1911.7 1878.81 1866.41 1837.6 1851.7 1859.08 1895.63 1859.37 1886.14 1894.76 1909.56 1878.56 1900.24 1885.26 1888.35 1817.65 1803.58 1771.26 1769.58 1721.22 1778.41 1785.5 1798.81 1805.03 1853.23 1846.93 1857.16 1851.58 1864.41 1864.29 1946.81 1866.33 1893.89 1867.6 1881.82 1847.98 1849.66 1844.67 1831.88 1799.31 1845.01 1831.35 1817.47 1748.93 1731.26 1686.75 1653.42 1587.5 1560.85 1519.6 1488.57 1417.52 1506.72 1556.5 1641.57 1665.77 1771.63
1861.1 1833.11 1857.27 1881.43 1849.52 1817.6 1832.09 1846.58 1842.35 1838.12 1853.17 1868.21 1830.28 1792.34 1807.58 1822.82 1816.85 1810.88 1840.03 1869.17 1846.72 1824.26 1853.04 1881.81 1836.29 1790.76 1766.44 1742.13 1714.17 1686.21 1730.6 1774.99 1774.63 1774.28 1796.29 1818.3 1803.06 1787.81 1799.77 1811.73 1813.02 1814.3 1814.82 1815.35 1794.97 1774.59 1784.17 1793.74 1761.26 1728.78 1773.7 1818.63 1749.09 1679.56 1663.45 1647.34 1594.18 1541.01 1519.19 1497.36 1441.36 1385.36 1459.21 1533.05 1577.19 1621.32 1707.49
1836.89 1793.15 1812.38 1810.55 1869.86 1771.86 1845.64 1799.89 1819.81 1809.2 1890.29 1804.64 1806.84 1747.09 1770.25 1765.35 1769.78 1762.4 1785.96 1791.98 1813.37 1769.97 1793.27 1804.07 1793.08 1763.87 1763.45 1709.35 1712.9 1651.2 1703.45 1719.73 1749.55 1743.52 1771.5 1752.41 1744.11 1724.04 1738.15 1748.5 1796.96 1762.27 1799.67 1742.19 1749.42 1701.2 1733.16 1700.76 1680.88 1658.26 1710.48 1691.45 1653.45 1610.19 1614.95 1570.88 1567.82 1494.52 1502.72 1440.95 1425.16 1353.2 1427.77 1479.89 1572.77 1576.88 1648.22
1750.21 1753.19 1746.42 1739.66 1732.89 1726.13 1739.66 1753.2 1766.74 1780.28 1760.67 1741.06 1721.45 1701.84 1704.86 1707.88 1710.89 1713.91 1714.35 1714.79 1715.23 1715.67 1721 1726.32 1731.65 1736.98 1706.78 1676.58 1646.39 1616.19 1640.33 1664.48 1688.62 1712.76 1699.64 1686.52 1673.4 1660.27 1672.76 1685.26 1697.75 1710.24 1689.63 1669.03 1648.42 1627.81 1617.79 1607.77 1597.75 1587.73 1576 1564.27 1552.55 1540.82 1517.62 1494.42 1471.23 1448.03 1416.28 1384.53 1352.78 1321.03 1373.88 1426.73 1479.58 1532.43 1583.23
1757.8 1703.48 1719.39 1707.94 1701.21 1680.39 1754.77 1702.82 1784.17 1718.21 1711.02 1697.67 1722.99 1656.59 1696.97 1674.67 1704.96 1662.85 1712.15 1666.86 1668 1661.37 1707.19 1725.23 1712.21 1674.56 1699.85 1654.78 1666.07 1581.18 1662.88 1633.39 1677.97 1644.74 1669.79 1681.86 1641.77 1596.51 1654.17 1633.12 1687.56 1625.11 1623.53 1590.35 1606.95 1554.43 1584.17 1535.99 1571.93 1515.5 1535.49 1529.85 1539.93 1471.44 1480.96 1450.95 1436.58 1392.99 1396.72 1359.85 1326.47 1288.87 1400.92 1411.05 1483.94 1485.93 1597.24
1689.41 1653.77 1665 1676.23 1655.44 1634.65 1643.54 1652.43 1654.29 1656.14 1655.21 1654.29 1632.81 1611.34 1626.4 1641.46 1626.62 1611.79 1615.36 1618.93 1613.01 1607.08 1665.61 1724.13 1668.14 1612.15 1622.56 1632.98 1589.57 1546.16 1574.23 1602.31 1589.51 1576.72 1626.96 1677.21 1604.97 1532.74 1556.86 1580.98 1560.48 1539.98 1525.83 1511.67 1496.36 1481.04 1472.62 1464.21 1453.74 1443.26 1469.34 1495.42 1448.75 1402.07 1404.77 1407.47 1372.71 1337.94 1336.55 1335.17 1295.94 1256.71 1326.04 1395.36 1417.4 1439.43 1497.4
1650.06 1604.06 1634.27 1612.5 1607.8 1588.92 1659.21 1595.01 1616.32 1594.07 1606.29 1590.35 1623.49 1566.08 1577.91 1578.35 1576.8 1560.72 1601.45 1561.5 1569.86 1552.78 1614.59 1608.52 1642.84 1549.73 1553.68 1557.35 1572.4 1511.15 1521.67 1530.36 1555.64 1508.69 1563.7 1550.07 1538.3 1468.97 1511.77 1484.22 1475.69 1454.86 1458.13 1431.83 1463.39 1407.65 1416.88 1390.37 1422.31 1371.03 1387.22 1388.24 1376.74 1332.7 1366.23 1326.53 1331.16 1282.9 1293.06 1272.64 1285.97 1224.55 1362.97 1332.39 1364.33 1392.93 1475.42
1557.15 1554.35 1551.56 1548.77 1545.97 1543.18 1540.39 1537.59 1534.8 1532.01 1529.21 1526.42 1523.63 1520.83 1518.04 1515.25 1512.45 1509.66 1506.87 1504.07 1501.28 1498.49 1495.69 1492.9 1490.11 1487.31 1484.52 1481.73 1478.93 1476.14 1467.27 1458.41 1449.54 1440.67 1431.8 1422.94 1414.07 1405.2 1396.33 1387.47 1378.6 1369.73 1360.87 1352 1343.13 1334.26 1325.4 1316.53 1307.66 1298.79 1289.93 1281.06 1272.19 1263.32 1254.46 1245.59 1236.72 1227.85 1218.99 1210.12 1201.25 1192.39 1230.9 1269.41 1307.92 1346.43 1384.94
1545.98 1544.27 1581.19 1548.06 1576.16 1516.96 1532.97 1533.95 1560.62 1517.98 1543.94 1556.18 1538.93 1498.9 1538.65 1535.04 1551.72 1519.53 1541.02 1511.09 1500.19 1481.21 1496.81 1488.49 1488.11 1474.3 1513.46 1458.29 1453.19 1435.06 1451.37 1455.13 1451.48 1443.39 1450.86 1453.14 1454.72 1380.02 1376.49 1371.88 1365.98 1354.18 1413.69 1356.15 1345.18 1314.69 1340.16 1326.42 1367.47 1297.43 1342.38 1308.16 1368.31 1243.52 1244.35 1243.02 1282.36 1207.53 1226.57 1187.1 1238.83 1160.22 1261.89 1284.41 1307.58 1328.43 1418.02
1522.25 1534.18 1540.77 1547.36 1519.05 1490.75 1510.53 1530.32 1517.13 1503.94 1544.94 1585.93 1531.45 1476.97 1515.9 1554.83 1542.12 1529.4 1523.76 1518.11 1491.02 1463.93 1474 1484.08 1472.69 1461.29 1448.07 1434.86 1414.42 1393.97 1422.91 1451.85 1448.98 1446.11 1464.72 1483.33 1419.08 1354.83 1355.56 1356.28 1347.46 1338.63 1349.47 1360.3 1327.7 1295.11 1315.71 1336.32 1316.19 1296.06 1315.66 1335.26 1279.49 1223.72 1232.08 1240.45 1213.82 1187.2 1175.64 1164.08 1146.07 1128.06 1213.73 1299.4 1304.92 1310.43 1407.84
1553.24 1524.1 1537.25 1511.76 1495.27 1464.53 1479.38 1493.71 1493.57 1489.91 1544.89 1520.21 1497.79 1455.04 1495.26 1522.98 1532.63 1539.27 1531.59 1503.68 1508.04 1446.64 1453.4 1458.2 1479.5 1448.27 1438.54 1404.2 1411.95 1352.88 1397.72 1416.76 1483.94 1448.82 1517.54 1430.67 1392.47 1329.65 1347.88 1331.14 1327.12 1323.08 1362.15 1321.02 1303.48 1275.53 1314.4 1305.48 1337.81 1294.69 1308.8 1286.99 1268.23 1203.92 1262.48 1202.89 1186.98 1166.87 1167.87 1134.61 1135.12 1095.9 1166.66 1234.24 1269.42 1292.43 1362.41
1482.95 1514.01 1495.09 1476.16 1457.24 1438.31 1447.7 1457.1 1466.49 1475.88 1465.19 1454.49 1443.8 1433.1 1462.11 1491.12 1520.13 1549.14 1519.2 1489.25 1459.31 1429.36 1430.84 1432.31 1433.79 1435.26 1404.39 1373.53 1342.66 1311.8 1346.73 1381.67 1416.6 1451.54 1414.77 1378 1341.23 1304.46 1305.23 1306 1306.77 1307.53 1294.64 1281.74 1268.85 1255.95 1265.3 1274.64 1283.98 1293.33 1266.02 1238.72 1211.42 1184.12 1174.72 1165.33 1155.94 1146.54 1125.84 1105.14 1084.44 1063.74 1116.41 1169.09 1221.76 1274.43 1301.32
1444.86 1453.94 1459.05 1447.89 1484.89 1412.09 1459.23 1466.78 1457.99 1441.77 1457.53 1459.41 1521.28 1411.17 1466.87 1464.44 1531.78 1500.06 1489.07 1465.8 1522.87 1412.08 1459.55 1403.52 1447.38 1389.91 1382.7 1334.87 1304.75 1270.71 1342.97 1342.42 1382.59 1382.55 1402.58 1333.29 1324.93 1279.28 1308.72 1297.44 1306.48 1278.32 1295.49 1277.05 1260.82 1236.38 1271.49 1281.7 1270.01 1255.31 1248.9 1218.42 1225.9 1164.31 1208.63 1164.97 1172.13 1114.91 1133.06 1108.77 1081.11 1031.58 1120.89 1141.8 1210.74 1230.65 1310.13
1383.16 1393.88 1406.75 1419.62 1402.75 1385.88 1431.17 1476.46 1442.05 1407.65 1435.99 1464.33 1426.78 1389.24 1413.5 1437.77 1444.37 1450.98 1446.66 1442.34 1418.57 1394.8 1384.76 1374.72 1359.64 1344.55 1320.38 1296.21 1262.92 1229.63 1266.4 1303.17 1308.37 1313.56 1301.07 1288.58 1271.34 1254.09 1271.49 1288.89 1269 1249.11 1260.73 1272.35 1244.57 1216.8 1252.78 1288.76 1253.03 1217.3 1207.71 1198.12 1171.31 1144.51 1154.56 1164.61 1123.94 1083.27 1097.84 1112.41 1055.91 999.413 1056.96 1114.51 1150.69 1186.87 1252.96
1332.34 1333.81 1373.97 1361.6 1381.16 1359.66 1422.12 1406.44 1416.49 1373.53 1414.09 1403.36 1421.11 1367.31 1393.33 1393.43 1397.75 1401.89 1422.83 1399.43 1393.24 1377.52 1383.64 1340.89 1348.83 1299.2 1334.05 1248.43 1254.22 1188.54 1244.15 1232.35 1290.24 1244.58 1281.89 1239.12 1254.07 1228.91 1270.01 1243.04 1240.72 1219.89 1245.32 1228.26 1283.53 1197.22 1233.1 1224.11 1226.42 1179.29 1228.01 1160.6 1152 1124.71 1138.95 1113.53 1109.3 1051.63 1064.94 1044.98 1051.33 967.251 1024.05 1065.85 1184.92 1143.08 1234.74
1258.82 1273.74 1288.67 1303.59 1318.52 1333.44 1334.94 1336.43 1337.92 1339.41 1340.9 1342.39 1343.88 1345.37 1347.23 1349.09 1350.95 1352.81 1354.67 1356.52 1358.38 1360.24 1333.64 1307.05 1280.45 1253.85 1227.25 1200.65 1174.05 1147.46 1154.49 1161.52 1168.56 1175.59 1182.62 1189.65 1196.69 1203.72 1200.46 1197.2 1193.94 1190.68 1187.42 1184.16 1180.9 1177.64 1168.55 1159.46 1150.37 1141.28 1132.18 1123.09 1114 1104.91 1083.68 1062.45 1041.23 1020 998.771 977.544 956.316 935.089 976.142 1017.19 1058.25 1099.3 1140.35
1254.01 1265.06 1290.94 1294.64 1300.96 1293.79 1386.2 1354.93 1376.45 1352.28 1392.95 1366.44 1353.59 1323.44 1365.15 1371.33 1368.9 1353.12 1356.79 1351.51 1366.88 1314.5 1343.19 1301.83 1265.76 1227.84 1258.62 1194.44 1190.96 1106.37 1167.46 1132.3 1213.07 1157.74 1215.7 1222.32 1215.39 1168.24 1180.55 1173.2 1204.87 1164.09 1192.58 1163.01 1166.77 1158.07 1174.47 1165.66 1176.98 1136.49 1158.83 1169.69 1125.87 1072.97 1093.69 1068.5 1047.7 990.352 1065.09 959.109 961.75 902.927 984.531 1025.69 1059.7 1064 1133.22
1227.56 1256.37 1271.03 1285.68 1269.91 1254.14 1313.79 1373.44 1369.29 1365.15 1377.82 1390.5 1346 1301.51 1347.54 1393.57 1373.5 1353.44 1349.97 1346.5 1307.64 1268.77 1282.69 1296.61 1249.22 1201.83 1195.03 1188.23 1126.76 1065.28 1084.18 1103.08 1121.48 1139.89 1197.44 1254.99 1193.88 1132.76 1140.98 1149.2 1143.35 1137.49 1139.67 1141.86 1140.17 1138.49 1155.18 1171.87 1151.79 1131.71 1174.01 1216.3 1128.67 1041.03 1057.79 1074.55 1017.63 960.705 950.689 940.674 905.719 870.765 952.479 1034.19 1031.45 1028.7 1083.99
1272.65 1247.69 1293.26 1246.3 1248.67 1214.49 1286.29 1328.15 1375.2 1378.01 1377.86 1357.38 1320.96 1279.58 1375.79 1349.71 1360.21 1353.75 1365.68 1306.09 1268.18 1223.03 1250.77 1230.08 1220.81 1175.83 1192.5 1127.35 1076.59 1024.2 1058.11 1073.36 1116.15 1122.04 1156.85 1168.99 1194.37 1097.29 1121.19 1111.13 1125.43 1110.9 1114.07 1116.84 1118.8 1118.91 1190.49 1141.31 1140.33 1126.93 1166.25 1132.98 1072.78 1009.1 1014.98 1006.92 973.453 931.058 923.711 897.3 894.963 838.603 906.861 958.235 975.902 993.407 1122.21
1188.83 1239.01 1222.96 1206.92 1190.88 1174.84 1228.85 1282.86 1336.87 1390.88 1357.57 1324.26 1290.95 1257.64 1281.75 1305.85 1329.96 1354.07 1309.87 1265.68 1221.49 1177.29 1170.42 1163.56 1156.69 1149.82 1108.14 1066.47 1024.79 983.113 1013.38 1043.65 1073.92 1104.18 1093.59 1083 1072.4 1061.81 1067.43 1073.06 1078.68 1084.3 1088.06 1091.82 1095.58 1099.33 1105.04 1110.74 1116.45 1122.15 1085.9 1049.65 1013.41 977.158 958.221 939.285 920.348 901.412 877.669 853.926 830.184 806.441 844.358 882.275 920.192 958.109 994.207
1151.72 1164.1 1190.44 1183.41 1189.1 1135.19 1220.08 1238.93 1284.36 1316.43 1333.05 1282.12 1298.15 1235.71 1261.91 1261.93 1297.33 1286.08 1254.38 1219.51 1193.36 1131.55 1151.43 1122.51 1114.12 1089 1066.46 1027.95 1005.95 942.027 979.555 995.218 1080.86 1045.47 1062.45 1041.04 1051.3 1026.33 1070.11 1072.31 1075.08 1055.84 1086.18 1105.83 1102.69 1079.76 1106.12 1102.49 1148.7 1075.42 1091.97 1027.46 1040.11 945.22 991.269 960.269 932.585 866.959 872.596 836.084 872.357 774.279 831.92 885.457 921.666 920.993 989.448
1075.06 1089.2 1124.55 1159.91 1127.72 1095.54 1145.26 1194.99 1218.48 1241.98 1240.98 1239.99 1226.88 1213.78 1215.89 1218.01 1218.05 1218.1 1195.72 1173.35 1129.58 1085.82 1083.64 1081.46 1054.82 1028.19 1008.81 989.433 945.188 900.942 923.865 946.787 966.773 986.759 992.921 999.082 994.967 990.853 1031.21 1071.57 1049.48 1027.38 1073.61 1119.84 1090.01 1060.18 1077.21 1094.24 1061.46 1028.68 1016.97 1005.27 959.274 913.283 947.269 981.254 906.88 832.506 825.374 818.242 780.179 742.117 815.378 888.639 886.258 883.876 922.441
1016.04 1014.3 1053.83 1068.86 1099.82 1055.89 1113.06 1124.82 1153.43 1167.53 1198.65 1185.74 1197.26 1191.85 1189.79 1172.02 1167.06 1150.11 1144.72 1105.79 1096.19 1040.08 1055.98 1015.95 1000.07 967.372 995.025 926.048 896.17 859.856 914.837 895.42 949.929 928.046 954.728 946.849 952.241 955.375 1003.18 1008.37 1057.67 998.921 1084.36 1057.79 1053.24 1040.6 1048.49 1036.18 1070.25 981.95 971.036 948.789 931.692 881.346 932.166 893.879 893.45 798.053 784.638 769.469 769.978 709.955 772.65 816.179 890.722 846.76 888.576
