Final Tests/testGrid.grd
ncols 257
nrows 257
xllcorner 0
yllcorner 0
cellsize 10
[rows 90 to 119 of 257, columns 0 to 66 of 257]
61.7578 70.7955 79.8333 83.4756 87.1179 89.5834 92.0488 94.4004 96.752 101.42 106.089 103.226 100.363 102.899 105.435 103.652 101.87 108.595 115.32 116.154 116.989 122.2 127.412 125.352 123.293 128.852 134.41 132.191 129.972 133.074 136.175 135.248 134.32 140.603 146.886 151.356 155.825 161.258 166.691 168.696 170.701 177.527 184.352 185.497 186.641 186.511 186.381 185.767 185.152 188.236 191.319 192.926 194.533 195.537 196.541 197.453 198.365 203.599 208.833 207.638 206.442 204.947 203.452 201.595 199.738 208.534 217.33
61.7773 72.5524 78.4615 87.2207 89.7503 91.485 91.9991 94.9643 94.1341 100.606 100.554 101.604 99.4419 103.473 102.677 102.615 101.594 110.172 113.106 115.942 118.728 123.48 124.32 127.64 122.642 128.149 130.501 130.943 130.582 132.716 134.818 136.937 135.026 141.845 146.705 152.489 156.57 162.808 164.085 166.346 168.172 175.841 181.266 185.826 188.678 188.131 186.103 188.506 183.043 188.167 189.322 193.597 194.124 195.529 195.549 197.967 196.882 204.975 206.633 210.314 209.955 211.952 205.586 203.325 200.854 209.45 217.267
61.7969 69.4433 77.0897 84.7362 92.3826 92.166 91.9494 91.7328 91.5162 93.2674 95.0186 96.7698 98.521 99.2202 99.9194 100.619 101.318 106.105 110.893 115.681 120.468 120.849 121.229 121.61 121.99 124.291 126.591 128.891 131.192 132.327 133.462 134.596 135.731 141.127 146.523 151.919 157.315 159.397 161.479 163.561 165.642 171.911 178.179 184.448 190.716 188.27 185.825 183.379 180.934 184.129 187.325 190.52 193.715 194.136 194.557 194.978 195.399 199.916 204.433 208.95 213.467 210.593 207.719 204.845 201.971 209.588 217.204
61.8164 69.4482 76.9342 82.872 87.1519 93.9236 91.9719 90.8627 88.8983 92.6323 93.9041 96.9129 96.5481 99.9843 99.3772 104.189 101.042 109.718 109.422 118.447 117.801 121.272 119.625 121.231 121.339 130.41 128.015 132.901 130.636 140.598 137.305 137.954 136.437 146.888 146.158 150.9 154.746 159.496 162.94 167.54 163.113 170.563 174.132 181.342 184.04 185.753 183.774 184.082 178.824 184.54 190.084 190.496 190.532 192.608 194.366 194.292 193.916 198.234 202.188 206.259 209.589 210.219 208.73 208.351 203.088 213.114 216.554
61.8359 69.3073 76.7787 79.3499 81.9212 86.9578 91.9945 89.1374 86.2804 89.535 92.7896 93.6824 94.5752 96.7051 98.835 99.8005 100.766 104.358 107.951 111.542 115.134 116.577 118.02 119.354 120.687 125.063 129.44 129.76 130.08 135.614 141.148 139.145 137.142 141.467 145.792 148.985 152.177 158.289 164.401 162.492 160.583 165.334 170.084 173.724 177.363 179.543 181.722 179.219 176.715 184.779 192.844 190.096 187.348 190.762 194.176 193.304 192.433 196.188 199.943 202.826 205.71 207.726 209.741 206.973 204.205 210.054 215.903
61.8555 69.1169 71.7231 76.3418 76.6905 81.7007 84.1233 85.8948 83.6625 93.1266 89.3133 93.2895 92.6022 99.6814 97.1284 100.69 100.49 103.563 106.479 110.196 112.466 115.113 116.306 121.493 120.035 126.306 126.808 131.253 129.524 134.232 137.454 140.062 137.848 143.057 144.294 147.69 149.608 154.253 157.842 163.399 158.054 166.692 164.926 172.508 170.687 176.569 174.988 179.691 174.605 182.266 184.791 187.415 184.165 187.878 189.7 193.622 190.95 196.505 196.826 199.639 201.831 205.597 205.968 205.883 205.322 211.126 213.522
61.875 64.2712 66.6674 69.0636 71.4598 73.856 76.2522 78.6484 81.0446 83.4408 85.837 88.2332 90.6293 93.0255 95.4217 97.8179 100.214 102.61 105.007 107.403 109.799 112.195 114.591 116.988 119.384 121.78 124.176 126.572 128.968 131.365 133.761 136.157 138.553 140.675 142.796 144.917 147.039 149.16 151.282 153.403 155.525 157.646 159.767 161.889 164.01 166.132 168.253 170.374 172.496 174.617 176.739 178.86 180.981 183.103 185.224 187.346 189.467 191.588 193.71 195.831 197.953 200.074 202.196 204.317 206.438 208.789 211.14
61.8945 67.4485 70.7966 74.6005 78.211 83.0549 83.8123 84.8322 84.6105 91.2837 93.2631 95.9102 94.5414 98.8297 100.683 102.148 102.219 105.698 108.931 111.919 114.484 119.17 119.96 124.069 121.488 127.201 127.501 131.347 132.503 138.557 139.749 141.82 138.984 144 145.336 148.02 148.664 154.951 153.767 156.65 157.098 164.437 163.868 165.91 167.795 170.994 173.198 178.798 173.977 177.594 180.028 184.432 184.19 188.29 189.015 194.767 192.365 199.12 200.866 202.131 201.686 207.678 207.32 208.162 207.555 215.822 218.384
61.9141 68.4199 74.9258 79.944 84.9621 88.1673 91.3725 89.7744 88.1764 94.4328 100.689 99.5713 98.4535 102.199 105.944 105.084 104.224 108.54 112.855 116.012 119.169 122.249 125.328 124.46 123.592 127.209 130.827 133.432 136.038 140.888 145.737 142.576 139.415 143.645 147.876 149.082 150.289 153.27 156.252 157.461 158.671 163.32 167.969 169.775 171.581 174.861 178.142 176.8 175.458 179.388 183.317 185.358 187.398 190.102 192.805 194.034 195.262 201.642 208.023 206.721 205.419 208.931 212.444 210.558 208.672 217.15 225.629
61.9336 71.6816 77.5673 89.8836 91.7133 97.3849 94.1294 95.3657 91.7423 97.6947 100.741 102.006 102.366 105.017 106.6 108.542 106.229 112.145 115.621 120.009 123.854 131.15 126.749 129.782 125.696 133.446 133.14 139.726 139.573 144.429 143.714 143.777 139.846 144.621 147.391 150.615 151.914 157.442 156.965 161.703 160.244 165.615 169.226 174.454 175.366 181.106 178.464 177.844 176.94 187.297 184.717 189.412 190.606 195.241 195.121 198.477 198.16 207.166 207.497 211.353 209.152 211.892 212.17 212.93 209.789 217.48 221.665
61.9531 71.081 80.2088 89.3367 98.4645 97.6754 96.8864 96.0973 95.3082 98.0506 100.793 103.535 106.278 106.767 107.256 107.745 108.234 113.31 118.387 123.463 128.54 128.355 128.17 127.985 127.801 131.627 135.454 139.281 143.108 142.4 141.692 140.984 140.276 143.592 146.907 150.223 153.538 155.608 157.678 159.747 161.817 166.15 170.484 174.817 179.151 178.969 178.786 178.604 178.421 182.269 186.118 189.966 193.814 195.625 197.436 199.246 201.057 204.014 206.971 209.928 212.885 212.39 211.895 211.4 210.905 214.303 217.701
61.9727 75.4353 79.4279 89.3468 95.2988 98.7452 98.5431 99.1504 98.8741 105.891 105.312 109.481 107.936 111.63 111.922 112.859 110.239 117.932 122.285 126.892 127.964 132.842 130.63 134.718 129.905 138.793 136.829 143.503 142.108 147.114 143.114 144.903 140.707 147.402 150.604 153.081 153.917 158.72 160.891 163.138 163.39 171.007 171.096 177.298 178.42 179.649 180.194 180.229 179.902 185.13 188.089 196.373 194.985 200.67 201.226 203.753 203.955 209.766 209.386 214.255 213.166 214.839 215.931 214.407 212.022 218.713 220.397
61.9922 70.3196 78.6471 85.39 92.133 96.1664 100.2 101.32 102.44 106.136 109.832 109.713 109.595 113.092 116.589 114.417 112.244 119.214 126.183 126.785 127.388 130.239 133.09 132.55 132.009 135.106 138.203 139.656 141.108 142.822 144.536 142.837 141.138 147.72 154.301 154.299 154.296 159.2 164.104 164.533 164.963 168.336 171.709 174.699 177.689 179.646 181.602 181.493 181.384 185.722 190.06 193.108 196.156 200.586 205.016 205.934 206.852 209.327 211.802 212.624 213.447 216.707 219.967 216.553 213.139 218.116 223.093
62.0117 71.0024 76.2817 83.7669 88.9673 97.9236 98.9433 103.942 106.006 110.282 110.537 112.353 111.254 114.401 115.586 121.398 114.249 119.055 123.714 125.68 126.812 132.318 132.159 134.621 134.113 138.351 137.933 140.196 140.108 142.946 142.545 148.862 141.569 151.921 151.414 153.334 154.675 161.144 162.843 169.15 166.536 171.065 171.938 174.542 176.958 179.968 180.944 181.964 182.865 188.051 190.741 195.6 197.326 202.21 205.294 212.231 209.75 215.527 212.565 214.775 213.729 217.559 217.329 220.803 214.256 220.874 222.149
62.0312 67.9738 73.9164 79.859 85.8016 91.7441 97.6867 103.629 109.572 110.407 111.242 112.078 112.913 113.748 114.583 115.419 116.254 118.749 121.245 123.74 126.236 128.731 131.227 133.722 136.218 136.94 137.663 138.386 139.108 139.831 140.554 141.277 141.999 145.263 148.527 151.79 155.054 158.318 161.581 164.845 168.109 170.138 172.168 174.198 176.228 178.257 180.287 182.317 184.346 187.884 191.422 194.959 198.497 202.034 205.572 209.109 212.647 212.988 213.328 213.669 214.01 214.35 214.691 215.032 215.372 218.289 221.206
62.0508 71.1883 75.264 83.482 88.4546 95.5586 100.839 107.04 108.03 113.119 113.302 118.605 116.055 120.37 117.976 120.301 118.259 121.522 123.826 126.219 128.217 131.806 132.741 136.416 136.549 140.297 140.119 143.088 140.97 149.442 146.815 145.599 142.43 148.728 151.182 157.281 156.319 163.992 164.382 168.335 168.448 175.65 178.591 182.036 180.211 183.559 185.046 185.561 185.828 196.223 196.429 198.503 200.272 209.107 207.687 210.5 212.348 219.045 217.882 218.807 215.221 219.056 216.737 217.924 216.489 221.552 225.813
62.0703 69.341 76.6117 83.8596 91.1076 97.5491 103.991 105.24 106.489 110.925 115.361 117.279 119.196 120.282 121.368 120.816 120.264 123.336 126.407 128.303 130.198 132.227 134.256 135.568 136.881 139.728 142.575 142.703 142.832 147.954 153.076 147.968 142.861 148.349 153.838 155.711 157.584 162.383 167.182 167.984 168.787 176.9 185.013 184.604 184.195 187 189.805 188.557 187.309 194.373 201.436 201.742 202.047 205.925 209.802 210.925 212.048 217.242 222.436 219.434 216.431 217.607 218.782 218.194 217.606 224.013 230.42
62.0898 71.1156 77.9366 88.612 93.7606 100.169 101.95 103.986 104.948 110.629 114.902 119.529 122.338 125.901 123.122 122.808 122.269 127.121 127.812 131.407 132.179 133.709 135.054 136.76 137.212 140.492 142.312 147.327 144.693 148.754 149.107 147.923 143.292 149.328 152.878 156.287 158.849 162.939 165.986 170.232 169.126 178.188 182.914 187.495 188.179 189.902 190.511 190.547 188.79 195.805 199.685 204.615 203.822 207.194 209.163 210.898 211.749 217.171 218.794 218.887 217.642 219.168 219.064 219.765 218.723 229.466 231.516
62.1094 70.6854 79.2615 87.8376 96.4136 98.1618 99.91 101.658 103.406 108.925 114.443 119.961 125.48 125.178 124.877 124.575 124.274 126.746 129.217 131.689 134.16 135.006 135.852 136.698 137.544 139.796 142.049 144.302 146.555 145.847 145.138 144.43 143.722 147.82 151.918 156.016 160.114 162.452 164.79 167.127 169.465 175.139 180.814 186.488 192.163 191.69 191.217 190.744 190.272 194.103 197.934 201.766 205.597 207.06 208.523 209.986 211.449 213.3 215.151 217.002 218.853 219.1 219.346 219.593 219.84 226.226 232.612
62.1289 70.5141 78.6641 86.0204 92.2388 98.8291 100.386 103.961 101.865 108.494 113.091 119.097 122.802 126.182 126.67 128.155 126.279 133 130.747 137.194 134.516 140.3 138.836 139.62 137.875 142.957 145.413 145.596 145.455 148.303 144.864 152.194 144.153 151.616 153.615 157.687 159.619 166.861 168.765 170.461 169.804 177.706 181.333 187.631 189.999 192.189 192.316 197.337 191.753 197.099 200.513 204.561 205.004 208.072 210.518 211.843 211.15 214.565 215.885 218.337 218.46 220.992 221.574 223.66 220.956 228.632 231.971
62.1484 70.1075 78.0667 83.0653 88.0639 94.463 100.862 100.593 100.324 106.032 111.74 115.932 120.124 124.293 128.462 128.373 128.284 130.28 132.277 133.574 134.871 138.346 141.821 140.014 138.207 143.492 148.778 146.567 144.356 144.473 144.59 144.587 144.584 149.948 155.312 157.218 159.124 165.932 172.74 171.442 170.143 175.997 181.852 184.844 187.836 190.625 193.414 193.324 193.234 198.163 203.092 203.751 204.411 208.462 212.512 211.681 210.851 213.735 216.619 217.343 218.066 220.934 223.802 222.938 222.073 226.702 231.331
62.168 69.6007 74.5087 83.3203 83.889 91.6279 94.6698 99.8742 98.7821 105.752 108.872 114.538 117.445 125.177 125.997 131.119 130.289 135.335 133.107 134.727 135.226 138.434 139.523 145.549 138.538 142.971 144.646 146.953 143.257 145.003 144.196 145.756 145.015 149.525 153.551 156.096 158.629 166.04 168.609 173.137 170.482 176.382 179.508 182.837 185.673 192.531 191.634 197.273 194.716 198.814 201.401 205.379 203.818 210.82 209.625 214.12 210.551 217.121 215.192 217.477 217.673 223.473 222.298 224.686 223.19 227.427 230.45
62.1875 66.5692 70.9508 75.3325 79.7141 84.0958 88.4774 92.8591 97.2407 101.622 106.004 110.386 114.767 119.149 123.531 127.912 132.294 133.116 133.938 134.76 135.582 136.404 137.226 138.048 138.87 139.692 140.514 141.336 142.158 142.979 143.801 144.623 145.445 148.617 151.789 154.961 158.133 161.305 164.477 167.649 170.821 173.993 177.165 180.337 183.509 186.681 189.853 193.025 196.197 197.954 199.711 201.468 203.224 204.981 206.738 208.495 210.252 212.009 213.766 215.522 217.279 219.036 220.793 222.55 224.307 226.938 229.569
62.207 68.4142 72.0147 79.9394 81.4044 86.6765 91.1069 94.7596 97.3215 103.955 109.51 112.672 115.406 123.285 129.268 131.993 130.739 132.889 134.945 136.441 137.275 139.969 141.021 143.033 142.411 146.988 146.504 147.45 145.915 148.19 146.45 146.272 145.876 150.348 154.496 160.498 160.752 164.631 167.89 174.784 173.249 178.23 180.578 183.715 186.45 190.822 192.949 198.383 196.263 201.661 202.402 205.371 206.985 209.684 210.192 215.126 212.679 218.646 219.631 225.408 224.099 225.758 225.252 226.918 225.423 230.061 234.277
62.2266 67.6526 73.0786 78.0867 83.0947 88.4155 93.7363 95.5693 97.4023 105.209 113.016 114.531 116.046 125.525 135.005 132.095 129.185 132.568 135.951 137.46 138.969 141.892 144.816 145.384 145.953 149.224 152.495 151.083 149.672 149.385 149.099 147.703 146.307 151.754 157.202 160.286 163.371 167.337 171.304 173.49 175.677 179.834 183.992 186.691 189.39 192.717 196.045 196.187 196.329 200.711 205.093 207.919 210.745 212.195 213.646 214.376 215.107 220.302 225.497 228.208 230.919 230.315 229.711 228.125 226.54 232.763 238.986
62.2461 69.8749 73.7245 79.4451 84.785 89.93 92.8779 96.1113 97.4831 108.256 110.23 117.957 116.685 123.741 128.352 129.464 127.63 132.916 135.083 141.844 140.662 145.143 146.256 150.247 149.494 155.747 153.803 156.362 153.429 153.826 150.638 152.243 146.738 154.646 157.545 163.12 165.99 171.082 172.937 176.014 178.104 182.505 185.947 189.548 192.33 194.161 195.955 197.616 196.396 201.852 206.228 211.568 214.505 216.92 216.38 217.053 217.534 226.711 228.879 233.922 237.738 238.387 233.188 233.718 227.657 232.858 237.773
62.2656 68.318 74.3705 80.4229 86.4753 89.2474 92.0196 94.7917 97.5639 102.504 107.444 112.384 117.324 119.512 121.7 123.887 126.075 130.145 134.215 138.285 142.355 145.025 147.696 150.366 153.036 154.073 155.111 156.148 157.186 154.681 152.177 149.673 147.168 152.528 157.888 163.248 168.608 171.589 174.57 177.551 180.532 184.217 187.901 191.586 195.271 195.569 195.866 196.164 196.462 201.913 207.364 212.814 218.265 218.69 219.114 219.538 219.962 226.111 232.26 238.409 244.558 240.612 236.666 232.72 228.774 232.667 236.56
62.2852 70.192 74.8935 81.6912 84.8853 92.8634 93.6306 99.5177 97.6447 106.725 110.51 114.62 115.211 127.158 120.532 123.555 124.52 131.239 134.403 139.459 142.649 147.589 151.435 160.644 156.578 160.306 158.183 160.994 157.401 157.256 153.79 152.981 147.599 154.98 160.019 166.444 168.848 173.598 178.324 180.844 182.96 189.663 189.568 195.292 194.824 198.126 199.746 199.053 196.528 206.246 207.69 213.175 216.999 221.356 221.052 223.203 222.39 231.513 235.418 241.075 241.282 243.978 237.856 235.536 229.891 235.497 239.287
62.3047 68.8606 75.4166 79.356 83.2953 89.2685 95.2416 96.4835 97.7254 105.651 113.577 113.337 113.098 116.231 119.364 121.165 122.966 128.779 134.592 138.767 142.942 149.058 155.175 157.647 160.119 160.687 161.254 159.435 157.616 156.51 155.403 151.717 148.03 155.09 162.15 165.619 169.088 175.582 182.077 183.732 185.387 188.31 191.234 192.806 194.378 199.001 203.625 200.109 196.594 202.305 208.016 211.874 215.732 219.361 222.989 223.903 224.817 231.696 238.575 238.291 238.007 238.527 239.046 235.027 231.007 236.511 242.014
62.3242 70.0094 73.3231 78.3985 81.7054 87.8295 92.1214 98.1444 97.8062 103.941 108.478 112.369 110.985 114.503 116.864 121.492 121.411 130.293 133.142 139.867 143.236 151.892 155.27 161.161 163.661 165.784 161.94 161.481 157.832 158.862 154.436 153.144 148.461 156.361 160.69 166.121 169.327 180.049 180.991 189.156 187.815 192.048 191.549 193.47 193.931 196.761 199.365 201.877 196.66 203.174 206.49 212.363 214.466 219.288 222.213 226.231 227.245 234.281 234.57 235.816 234.732 237.673 235.697 234.504 232.124 237.83 241.304
